1_13_08 8
7_24_18 11, 3, 7, 15, 16, 8, 12
4_27_00 3, 11, 15, 7
7_30_18 13, 5, 9, 1, 6, 14, 2
5_29_02 5, 13, 1, 9, 2
1_30_04 2
3_16_16 8, 16, 12
3_3_22 12, 4, 16
8_5_12 8, 16, 4, 12, 9, 1, 5, 13
2_15_20 14, 6
8_18_12 7, 15, 3, 11, 8, 16, 4, 12
8_2_18 10, 2, 6, 14, 11, 3, 7, 15
1_29_16 12
6_20_06 4, 12, 16, 8, 1, 9
5_16_20 14, 6, 10, 2, 15
1_24_12 12
4_21_16 10, 2, 6, 14
6_29_02 5, 13, 1, 9, 2, 10
7_20_20 11, 3, 7, 15, 16, 8, 12
4_19_10 6, 14, 2, 10
7_1_00 1, 9, 13, 5, 2, 10, 14
7_23_16 10, 2, 6, 14, 3, 11, 15
7_28_16 11, 3, 7, 15, 16, 8, 12
5_2_06 4, 12, 16, 8, 1
1_30_00 16
5_16_18 13, 5, 9, 1, 14
3_7_22 13, 5, 1
5_5_08 6, 14, 2, 10, 7
5_27_04 5, 13, 1, 9, 14
8_24_10 7, 15, 3, 11, 8, 16, 4, 12
6_13_00 4, 12, 16, 8, 1, 9
2_22_14 5, 13
3_18_04 15, 7, 11
2_22_18 7, 15
2_8_22 9, 1
8_9_16 11, 3, 7, 15, 12, 4, 8, 16
6_5_02 3, 11, 15, 7, 4, 12
5_30_00 4, 12, 16, 8, 13
5_22_02 3, 11, 15, 7, 16
1_9_00 3
1_30_22 11
1_16_10 13
5_29_10 9, 1, 5, 13, 6
3_3_10 6, 14, 10
5_8_12 8, 16, 4, 12, 13
8_24_12 8, 16, 4, 12, 9, 1, 5, 13
2_26_00 15, 7
5_17_14 8, 16, 4, 12, 9
6_2_22 12, 4, 8, 16, 9, 1
7_22_18 11, 3, 7, 15, 8, 16, 4
1_20_02 6
2_16_18 9, 1
7_14_04 6, 14, 2, 10, 15, 7, 11
6_1_16 9, 1, 5, 13, 10, 2
7_4_10 6, 14, 2, 10, 11, 3, 7
2_16_06 3, 11
6_11_14 10, 2, 6, 14, 11, 3
8_19_14 8, 16, 4, 12, 9, 1, 5, 13
2_29_12 10, 2
3_8_10 3, 11, 7
8_7_10 7, 15, 3, 11, 8, 16, 4, 12
6_26_12 9, 1, 5, 13, 6, 14
6_18_08 5, 13, 1, 9, 2, 10
8_14_06 7, 15, 3, 11, 4, 12, 16, 8
4_29_02 5, 13, 1, 9
6_7_00 2, 10, 14, 6, 3, 11
4_26_14 10, 2, 6, 14
3_29_22 15, 7, 11
5_5_12 8, 16, 4, 12, 9
4_2_12 7, 15, 3, 11
3_6_22 9, 1, 5
5_26_18 12, 4, 8, 16, 9
5_15_12 10, 2, 6, 14, 15
1_28_10 12
6_31_04 6, 14, 2, 10, 3, 11
7_18_06 4, 12, 16, 8, 1, 9, 13
6_22_02 3, 11, 15, 7, 16, 8
2_9_04 5, 13
1_1_06 4
5_17_06 4, 12, 16, 8, 5
6_21_08 6, 14, 2, 10, 7, 15
7_28_06 6, 14, 2, 10, 11, 3, 7
1_16_12 14
5_11_02 4, 12, 16, 8, 13
7_18_08 5, 13, 1, 9, 2, 10, 14
5_7_18 11, 3, 7, 15, 4
6_10_18 12, 4, 8, 16, 9, 1
7_4_08 5, 13, 1, 9, 10, 2, 6
7_19_04 3, 11, 15, 7, 12, 4, 8
4_29_06 7, 15, 3, 11
4_24_02 3, 11, 15, 7
7_11_22 14, 6, 10, 2, 7, 15, 3
2_17_04 3, 11
7_27_02 4, 12, 16, 8, 13, 5, 9
2_9_22 14, 6
8_10_08 7, 15, 3, 11, 8, 16, 4, 12
8_19_20 11, 3, 7, 15, 12, 4, 8, 16
3_18_10 2, 10, 14
8_6_02 3, 11, 15, 7, 4, 12, 16, 8
4_14_06 7, 15, 3, 11
8_31_16 12, 4, 8, 16, 9, 1, 5, 13
2_20_04 15, 7
4_20_02 2, 10, 14, 6
1_21_06 5
3_18_22 8, 16, 4
8_30_18 13, 5, 9, 1, 10, 2, 6, 14
4_25_18 12, 4, 8, 16
3_27_08 7, 15, 11
2_9_12 9, 1
7_21_08 6, 14, 2, 10, 7, 15, 3
6_23_00 2, 10, 14, 6, 3, 11
3_22_18 7, 15, 3
6_10_04 5, 13, 1, 9, 2, 10
4_29_10 9, 1, 5, 13
2_5_18 11, 3
1_31_10 1
3_4_22 8, 16, 12
7_27_14 10, 2, 6, 14, 3, 11, 15
1_2_14 4
4_2_10 6, 14, 2, 10
3_3_22 12, 4, 16
1_24_00 6
1_28_04 9
2_13_22 15, 7
3_1_22 12, 4, 8
1_30_22 11
7_21_18 11, 3, 7, 15, 12, 4, 8
7_24_06 5, 13, 1, 9, 10, 2, 6
8_15_12 10, 2, 6, 14, 7, 15, 3, 11
7_17_00 1, 9, 13, 5, 2, 10, 14
4_13_04 6, 14, 2, 10
6_24_02 3, 11, 15, 7, 16, 8
1_27_14 2
3_14_22 11, 3, 7
5_5_06 5, 13, 1, 9, 6
4_28_16 11, 3, 7, 15
1_3_06 12
5_9_06 6, 14, 2, 10, 7
5_29_02 5, 13, 1, 9, 2
7_10_12 9, 1, 5, 13, 6, 14, 2
4_10_14 10, 2, 6, 14
4_10_10 8, 16, 4, 12
7_28_12 9, 1, 5, 13, 14, 6, 10
7_4_08 5, 13, 1, 9, 10, 2, 6
2_10_14 6, 14
7_26_08 7, 15, 3, 11, 4, 12, 16
4_12_02 4, 12, 16, 8
1_6_00 14
2_23_18 11, 3
6_25_00 3, 11, 15, 7, 4, 12
3_11_10 8, 16, 12
5_18_20 11, 3, 7, 15, 8
8_7_22 13, 5, 9, 1, 14, 6, 10, 2
6_28_04 5, 13, 1, 9, 2, 10
8_26_20 13, 5, 9, 1, 14, 6, 10, 2
2_30_16 8, 16
1_14_14 7
2_18_22 8, 16
6_16_22 15, 7, 11, 3, 8, 16
3_2_16 5, 13, 1
8_11_16 11, 3, 7, 15, 12, 4, 8, 16
6_31_08 8, 16, 4, 12, 5, 13
6_18_04 3, 11, 15, 7, 16, 8
4_29_04 6, 14, 2, 10
7_18_16 9, 1, 5, 13, 6, 14, 2
4_25_12 9, 1, 5, 13
5_6_02 3, 11, 15, 7, 16
6_14_12 10, 2, 6, 14, 3, 11
5_20_08 5, 13, 1, 9, 10
3_5_20 12, 4, 8
6_20_12 7, 15, 3, 11, 4, 12
1_11_08 15
8_14_22 15, 7, 11, 3, 12, 4, 8, 16
6_10_08 7, 15, 3, 11, 4, 12
2_10_10 4, 12
8_10_10 8, 16, 4, 12, 9, 1, 5, 13
6_11_06 6, 14, 2, 10, 7, 15
8_21_00 2, 10, 14, 6, 3, 11, 15, 7
4_30_00 4,12, 16, 8
5_10_18 12, 4, 8, 16, 9
6_28_12 9, 1, 5, 13, 6, 14
2_11_02 4, 12
5_8_14 9, 1, 5, 13, 14
7_12_00 3, 11, 15, 7, 8, 16, 4
1_5_18 11
7_31_00 4, 12, 16, 8, 9, 1, 5
4_8_20 12, 4, 8, 16
1_30_12 6
8_15_14 11, 3, 7, 15, 8, 16, 4, 12
8_5_16 10, 2, 6, 14, 11, 3, 7, 15
5_23_18 11, 3, 7, 15, 4
3_23_04 4, 12, 8
3_27_18 12, 4, 16
2_4_12 3, 11
7_18_10 6, 14, 2, 10, 3, 11, 15
2_28_18 8, 16
6_25_00 3, 11, 15, 7, 4, 12
4_18_00 1, 9, 13, 5
6_6_06 5, 13, 1, 9, 2, 10
6_5_12 8, 16, 4, 12, 9, 1
2_5_12 8, 16
6_16_00 4, 12, 16, 8, 13, 5
5_5_22 13, 5, 9, 1, 14
6_4_02 2, 10, 14, 6, 15, 7
3_23_10 7, 15, 11
4_19_10 6, 14, 2, 10
4_12_04 5, 13, 1, 9
3_14_14 7, 15, 3
1_25_12 9
2_16_18 9, 1
4_7_02 3, 11, 15, 7
7_13_22 15, 7, 11, 3, 12, 4, 8
5_21_22 13, 5, 9, 1, 14
1_16_16 16
2_29_08 8, 16
2_22_04 16, 8
8_12_02 4, 12, 16, 8, 5, 13, 1, 9
1_27_22 6
1_24_06 9
8_21_06 5, 13, 1, 9, 6, 14, 2, 10
1_31_08 16
3_18_06 16, 8, 12
6_4_12 7, 15, 3, 11, 4, 12
5_30_10 9, 1, 5, 13, 2
5_23_04 4, 12, 16, 8, 13
1_20_22 16
5_24_02 3, 11, 15, 7, 8
1_9_16 11
5_18_08 5, 13, 1, 9, 2
2_29_06 7, 15
2_26_10 4, 12
3_8_08 2, 10, 6
7_27_20 13, 5, 9, 1, 6, 14, 2
3_2_00 13, 5, 9
3_5_22 13, 5, 9
5_16_14 11, 3, 7, 15, 12
3_8_14 5, 13, 9
1_27_10 16
3_26_06 2, 10, 14
1_29_20 14
8_9_02 4, 12, 16, 8, 5, 13, 1, 9
4_4_14 8, 16, 4, 12
5_26_12 9, 1, 5, 13, 6
6_25_22 14, 6, 10, 2, 15, 7
7_16_10 9, 1, 5, 13, 10, 2, 6
4_1_00 1, 9, 13, 5
1_17_00 1
4_23_22 13, 5, 9, 1
6_18_16 9, 1, 5, 13, 6, 14
4_9_10 8, 16, 4, 12
4_22_04 4, 12, 16, 8
1_28_04 9
2_1_12 7, 15
3_31_16 12, 4, 16
3_2_00 13, 5, 9
7_29_00 4, 12, 16, 8, 1, 9, 13
7_14_16 12, 4, 8, 16, 5, 13, 1
1_6_14 5
2_13_18 13, 5
3_4_18 6, 14, 10
6_24_20 12, 4, 8, 16, 9, 1
8_31_22 15, 7, 11, 3, 12, 4, 8, 16
7_31_06 7, 15, 3, 11, 12, 4, 8
6_1_04 3, 11, 15, 7, 4, 12
1_20_02 6
5_13_18 13, 5, 9, 1, 10
6_5_08 6, 14, 2, 10, 7, 15
4_8_02 3, 11, 15, 7
3_21_22 13, 5, 9
3_30_14 7, 15, 3
4_30_12 10, 2, 6, 14
2_14_04 2, 10
6_5_06 5, 13, 1, 9, 6, 14
6_27_16 11, 3, 7, 15, 12, 4
1_27_20 5
4_22_14 9, 1, 5, 13
2_5_22 13, 5
4_5_04 4, 12, 16, 8
2_7_10 7, 15
2_30_02 1, 9
1_19_12 15
7_1_18 10, 2, 6, 14, 11, 3, 7
3_24_16 6, 14, 10
7_31_02 5, 13, 1, 9, 10, 2, 6
8_19_16 9, 1, 5, 13, 10, 2, 6, 14
3_15_00 4,12, 8
7_17_02 2, 10, 14, 6, 3, 11, 15
6_17_12 7, 15, 3, 11, 8, 16
3_17_00 1, 9, 13
4_12_04 5, 13, 1, 9
8_9_06 6, 14, 2, 10, 7, 15, 3, 11
7_19_16 9, 1, 5, 13, 2, 10, 14
7_18_14 8, 16, 4, 12, 5, 13, 1
7_1_20 11, 3, 7, 15, 12, 4, 8
5_22_08 6, 14, 2, 10, 3
2_25_18 12, 4
7_29_00 4, 12, 16, 8, 1, 9, 13
5_16_02 5, 13, 1, 9, 6
2_12_04 1, 9
7_8_08 6, 14, 2, 10, 11, 3, 7
3_15_18 13, 5, 1
8_13_18 13, 5, 9, 1, 10, 2, 6, 14
8_5_20 12, 4, 8, 16, 13, 5, 9, 1
3_20_16 5, 13, 9
8_10_14 10, 2, 6, 14, 11, 3, 7, 15
6_15_00 4, 12, 16, 8, 1, 9
3_21_14 9, 1, 5
8_15_20 14, 6, 10, 2, 11, 3, 7, 15
7_15_08 8, 16, 4, 12, 13, 5, 9
8_13_14 11, 3, 7, 15, 8, 16, 4, 12
5_6_00 2, 10, 14, 6, 15
6_5_16 10, 2, 6, 14, 11, 3
3_21_20 12, 4, 8
2_18_18 6, 14
6_25_20 13, 5, 9, 1, 14, 6
1_30_00 16
4_27_22 14, 6, 10, 2
5_29_06 7, 15, 3, 11, 4
5_8_12 8, 16, 4, 12, 13
1_16_10 13
1_13_08 8
6_12_14 10, 2, 6, 14, 7, 15
6_4_16 9, 1, 5, 13, 6, 14
5_24_08 6, 14, 2, 10, 11
3_30_12 6, 14, 2
4_28_00 3, 11, 15, 7
3_6_02 15, 7, 11
8_3_02 2, 10, 14, 6, 3, 11, 15, 7
3_5_20 12, 4, 8
1_18_16 5
1_1_16 9
4_28_10 8, 16, 4, 12
1_22_04 16
2_19_22 12, 4
5_21_08 6, 14, 2, 10, 7
8_28_12 9, 1, 5, 13, 10, 2, 6, 14
4_14_12 10, 2, 6, 14
7_8_20 12, 4, 8, 16, 1, 9, 13
7_27_04 5, 13, 1, 9, 14, 6, 10
3_12_12 5, 13, 9
5_24_22 13, 5, 9, 1, 2
4_23_16 10, 2, 6, 14
5_6_14 9, 1, 5, 13, 6
8_17_08 5, 13, 1, 9, 6, 14, 2, 10
8_14_16 12, 4, 8, 16, 9, 1, 5, 13
1_28_18 16
5_1_16 9, 1, 5, 13, 10
8_21_02 3, 11, 15, 7, 4, 12, 16, 8
4_24_20 12, 4, 8, 16
2_15_00 4,12
3_11_10 8, 16, 12
1_20_04 7
4_6_04 4, 12, 16, 8
3_9_20 13, 5, 9
5_28_20 13, 5, 9, 1, 2
3_4_02 14, 6, 2
5_21_06 5, 13, 1, 9, 6
6_9_08 7, 15, 3, 11, 8, 16
6_1_10 6, 14, 2, 10, 7, 15
5_19_12 7, 15, 3, 11, 16
7_4_20 11, 3, 7, 15, 16, 8, 12
6_1_10 6, 14, 2, 10, 7, 15
2_5_14 9, 1
4_6_02 3, 11, 15, 7
1_30_10 5
5_6_02 3, 11, 15, 7, 16
6_5_08 6, 14, 2, 10, 7, 15
6_25_18 12, 4, 8, 16, 13, 5
1_1_12 7
1_22_16 6
1_22_18 7
7_10_20 13, 5, 9, 1, 10, 2, 6
6_6_00 2, 10, 14, 6, 15, 7
3_1_10 6, 14, 2
3_2_04 15, 7, 11
6_6_04 4, 12, 16, 8, 1, 9
6_14_12 10, 2, 6, 14, 3, 11
4_21_14 9, 1, 5, 13
2_26_04 1, 9
2_19_06 4, 12
2_16_16 8, 16
3_5_16 10, 2, 6
3_7_20 12, 4, 16
5_17_12 7, 15, 3, 11, 8
1_30_20 10
1_4_18 14
2_5_18 11, 3
3_18_08 1, 9, 13
3_12_18 8, 16, 12
6_28_08 7, 15, 3, 11, 4, 12
6_5_02 3, 11, 15, 7, 4, 12
6_8_08 6, 14, 2, 10, 3, 11
7_7_06 5, 13, 1, 9, 14, 6, 10
6_24_00 2, 10, 14, 6, 15, 7
2_13_08 8, 16
7_27_12 9, 1, 5, 13, 2, 10, 14
4_19_20 11, 3, 7, 15
3_7_10 7, 15, 11
3_10_20 9, 1, 5
6_7_14 9, 1, 5, 13, 10, 2
1_28_06 10
7_27_10 8, 16, 4, 12, 1, 9, 13
1_24_18 15
5_17_20 11, 3, 7, 15, 12
8_5_04 4, 12, 16, 8, 5, 13, 1, 9
3_30_10 5, 13, 1
4_10_12 9, 1, 5, 13
8_21_04 4, 12, 16, 8, 5, 13, 1, 9
8_25_22 14, 6, 10, 2, 15, 7, 11, 3
6_12_12 9, 1, 5, 13, 6, 14
8_14_14 11, 3, 7, 15, 8, 16, 4, 12
6_4_22 12, 4, 8, 16, 9, 1
8_25_04 5, 13, 1, 9, 6, 14, 2, 10
3_11_04 5, 13, 9
8_19_16 9, 1, 5, 13, 10, 2, 6, 14
4_21_16 10, 2, 6, 14
5_20_08 5, 13, 1, 9, 10
8_19_12 7, 15, 3, 11, 8, 16, 4, 12
1_3_02 10
5_10_10 8, 16, 4, 12, 5
4_9_22 14, 6, 10, 2
3_4_08 1, 9, 5
4_15_10 9, 1, 5, 13
3_24_14 5, 13, 9
6_22_10 7, 15, 3, 11, 4, 12
8_17_20 11, 3, 7, 15, 12, 4, 8, 16
3_14_18 9, 1, 5
6_6_22 13, 5, 9, 1, 10, 2
5_7_04 4, 12, 16, 8, 13
5_3_18 10, 2, 6, 14, 3
6_16_16 12, 4, 8, 16, 5, 13
3_6_18 7, 15, 3
3_22_02 15, 7, 11
7_11_20 13, 5, 9, 1, 6, 14, 2
7_13_20 14, 6, 10, 2, 11, 3, 7
3_26_08 3, 11, 15
3_4_12 3, 11, 7
1_31_02 13
4_2_14 8, 16, 4, 12
4_26_02 4, 12, 16, 8
4_1_14 8, 16, 4, 12
7_16_02 5, 13, 1, 9, 6, 14, 2
2_10_20 9, 1
7_27_12 9, 1, 5, 13, 2, 10, 14
5_16_00 4, 12, 16, 8, 5
6_11_12 9, 1, 5, 13, 10, 2
8_25_20 13, 5, 9, 1, 14, 6, 10, 2
3_5_00 2, 10, 14
6_16_08 8, 16, 4, 12, 1, 9
7_23_06 5, 13, 1, 9, 14, 6, 10
4_23_06 5, 13, 1, 9
5_2_12 7, 15, 3, 11, 4
4_28_16 11, 3, 7, 15
7_11_16 11, 3, 7, 15, 4, 12, 16
5_7_14 9, 1, 5, 13, 2
8_29_16 12, 4, 8, 16, 9, 1, 5, 13
8_1_02 2, 10, 14, 6, 3, 11, 15, 7
3_16_16 8, 16, 12
2_18_16 5, 13
1_13_12 10
5_13_00 4, 12, 16, 8, 1
2_9_00 3, 11
1_8_08 10
7_8_18 11, 3, 7, 15, 16, 8, 12
3_22_16 6, 14, 2
5_23_22 13, 5, 9, 1, 6
1_6_22 9
3_10_08 3, 11, 15
5_11_22 14, 6, 10, 2, 7
4_1_04 3, 11, 15, 7
4_12_20 13, 5, 9, 1
1_3_12 15
4_19_22 12, 4, 8, 16
6_11_04 5, 13, 1, 9, 6, 14
5_30_22 15, 7, 11, 3, 8
2_5_08 6, 14
4_27_14 10, 2, 6, 14
2_13_10 9, 1
7_11_08 7, 15, 3, 11, 16, 8, 12
3_23_20 12, 4, 16
7_1_00 1, 9, 13, 5, 2, 10, 14
8_24_02 3, 11, 15, 7, 4, 12, 16, 8
3_19_16 9, 1, 13
4_12_14 10, 2, 6, 14
4_18_18 10, 2, 6, 14
3_12_10 4, 12, 8
6_12_22 14, 6, 10, 2, 11, 3
2_21_14 9, 1
4_6_06 5, 13, 1, 9
4_4_12 7, 15, 3, 11
5_16_14 11, 3, 7, 15, 12
1_4_06 8
4_21_18 11, 3, 7, 15
5_11_16 11, 3, 7, 15, 4
3_29_22 15, 7, 11
1_21_20 12
6_4_20 11, 3, 7, 15, 8, 16
4_2_04 3, 11, 15, 7
4_9_00 3, 11, 15, 7
3_5_10 7, 15, 3
8_1_06 4, 12, 16, 8, 5, 13, 1, 9
8_24_22 13, 5, 9, 1, 14, 6, 10, 2
4_30_16 12, 4, 8, 16
6_10_16 11, 3, 7, 15, 8, 16
1_10_06 2
6_2_06 4, 12, 16, 8, 1, 9
7_1_04 3, 11, 15, 7, 4, 12, 16
5_5_04 4, 12, 16, 8, 5
8_24_08 6, 14, 2, 10, 7, 15, 3, 11
2_21_18 11, 3
6_19_12 7, 15, 3, 11, 8, 16
1_5_18 11
1_26_00 15
6_8_22 13, 5, 9, 1, 10, 2
7_11_08 7, 15, 3, 11, 16, 8, 12
7_28_00 3, 11, 15, 7, 8, 16, 4
6_30_18 13, 5, 9, 1, 6, 14
4_13_12 10, 2, 6, 14
2_11_00 3, 11
6_14_20 14, 6, 10, 2, 7, 15
3_1_08 5, 13, 1
6_23_02 3, 11, 15, 7, 4, 12
6_24_12 8, 16, 4, 12, 5, 13
8_29_20 14, 6, 10, 2, 11, 3, 7, 15
5_23_04 4, 12, 16, 8, 13
8_18_08 5, 13, 1, 9, 6, 14, 2, 10
2_10_18 8, 16
1_25_06 6
1_24_04 8
6_26_00 3, 11, 15, 7, 16, 8
7_13_12 10, 2, 6, 14, 7, 15, 3
2_28_20 9, 1
5_5_06 5, 13, 1, 9, 6
1_29_02 5
1_30_12 6
3_20_08 1, 9, 5
6_18_00 1, 9, 13, 5, 14, 6
6_18_16 9, 1, 5, 13, 6, 14
3_2_20 7, 15, 3
4_28_02 4, 12, 16, 8
4_7_00 2, 10, 14, 6
4_11_10 8, 16, 4, 12
7_22_04 4, 12, 16, 8, 1, 9, 13
5_1_04 3, 11, 15, 7, 4
7_7_10 7, 15, 3, 11, 16, 8, 12
2_13_16 12, 4
2_12_20 9, 1
4_11_08 7, 15, 3, 11
6_23_02 3, 11, 15, 7, 4, 12
7_24_08 6, 14, 2, 10, 11, 3, 7
4_4_08 5, 13, 1, 9
5_21_06 5, 13, 1, 9, 6
5_31_20 14, 6, 10, 2, 3
6_10_14 10, 2, 6, 14, 7, 15
6_22_04 4, 12, 16, 8, 1, 9
6_16_20 14, 6, 10, 2, 7, 15
4_8_10 7, 15, 3, 11
5_28_14 10, 2, 6, 14, 15
5_31_14 11, 3, 7, 15, 16
6_31_16 12, 4, 8, 16, 9, 1
7_8_18 11, 3, 7, 15, 16, 8, 12
3_27_20 13, 5, 1
2_10_10 4, 12
3_19_08 5, 13, 9
3_13_12 10, 2, 6
3_27_16 11, 3, 15
5_30_04 6, 14, 2, 10, 15
2_21_00 2, 10
1_10_04 1
6_15_00 4, 12, 16, 8, 1, 9
2_11_02 4, 12
6_2_00 1, 9, 13, 5, 14, 6
6_29_08 8, 16, 4, 12, 5, 13
4_31_06 7, 15, 3, 11
1_15_12 2
3_28_20 9, 1, 13
5_4_22 12, 4, 8, 16, 1
1_23_02 11
5_28_18 12, 4, 8, 16, 1
5_13_06 7, 15, 3, 11, 4
4_20_16 9, 1, 5, 13
6_6_00 2, 10, 14, 6, 15, 7
1_30_18 9
8_7_14 9, 1, 5, 13, 10, 2, 6, 14
6_10_08 7, 15, 3, 11, 4, 12
8_26_06 6, 14, 2, 10, 7, 15, 3, 11
1_6_14 5
6_2_02 2, 10, 14, 6, 15, 7
3_7_08 6, 14, 10
7_4_06 4, 12, 16, 8, 9, 1, 5
6_21_22 13, 5, 9, 1, 14, 6
5_22_18 11, 3, 7, 15, 8
4_1_22 12, 4, 8, 16
5_16_04 6, 14, 2, 10, 7