6_27_18 12, 4, 8, 16, 13, 5
5_6_02 3, 11, 15, 7, 16
7_12_08 7, 15, 3, 11, 12, 4, 8
4_22_04 4, 12, 16, 8
8_14_08 8, 16, 4, 12, 5, 13, 1, 9
1_3_02 10
2_27_20 13, 5
1_29_00 4
7_10_06 6, 14, 2, 10, 3, 11, 15
2_11_12 9, 1
2_17_10 6, 14
2_10_10 4, 12
7_19_10 6, 14, 2, 10, 15, 7, 11
1_3_12 15
2_26_10 4, 12
1_8_18 15
5_15_14 11, 3, 7, 15, 16
7_29_10 9, 1, 5, 13, 6, 14, 2
7_9_18 12, 4, 8, 16, 13, 5, 9
7_11_14 10, 2, 6, 14, 3, 11, 15
2_18_00 13, 5
7_31_06 7, 15, 3, 11, 12, 4, 8
8_5_22 13, 5, 9, 1, 14, 6, 10, 2
4_25_10 8, 16, 4, 12
8_16_00 4, 12, 16, 8, 1, 9, 13, 5
4_20_10 6, 14, 2, 10
1_18_00 13
1_30_04 2
3_27_14 10, 2, 14
4_15_10 9, 1, 5, 13
3_19_02 2, 10, 6
2_22_16 6, 14
2_4_00 13, 5
6_6_14 9, 1, 5, 13, 6, 14
3_30_10 5, 13, 1
3_11_22 14, 6, 2
4_4_06 4, 12, 16, 8
6_27_00 3, 11, 15, 7, 4, 12
2_14_12 6, 14
7_1_02 2, 10, 14, 6, 3, 11, 15
6_25_22 14, 6, 10, 2, 15, 7
3_2_14 4, 12, 16
1_3_04 11
3_26_06 2, 10, 14
6_1_10 6, 14, 2, 10, 7, 15
2_10_14 6, 14
6_11_22 14, 6, 10, 2, 15, 7
6_4_12 7, 15, 3, 11, 4, 12
4_12_12 9, 1, 5, 13
7_26_00 3, 11, 15, 7, 16, 8, 12
5_14_20 14, 6, 10, 2, 7
8_23_16 10, 2, 6, 14, 11, 3, 7, 15
6_10_22 14, 6, 10, 2, 11, 3
8_25_16 11, 3, 7, 15, 12, 4, 8, 16
6_5_14 9, 1, 5, 13, 10, 2
8_13_12 10, 2, 6, 14, 7, 15, 3, 11
3_1_10 6, 14, 2
7_13_08 8, 16, 4, 12, 5, 13, 1
4_13_00 4,12, 16, 8
7_26_04 5, 13, 1, 9, 2, 10, 14
6_6_22 13, 5, 9, 1, 10, 2
1_18_22 8
5_9_06 6, 14, 2, 10, 7
7_6_08 6, 14, 2, 10, 3, 11, 15
1_15_22 7
8_17_04 3, 11, 15, 7, 4, 12, 16, 8
6_12_06 6, 14, 2, 10, 3, 11
2_18_22 8, 16
1_12_18 16
4_19_14 8, 16, 4, 12
4_27_10 8, 16, 4, 12
4_8_18 11, 3, 7, 15
8_1_12 7, 15, 3, 11, 8, 16, 4, 12
4_6_14 9, 1, 5, 13
2_9_06 6, 14
8_31_10 9, 1, 5, 13, 6, 14, 2, 10
1_19_18 2
8_25_16 11, 3, 7, 15, 12, 4, 8, 16
5_12_22 14, 6, 10, 2, 3
7_9_12 9, 1, 5, 13, 10, 2, 6
8_17_22 12, 4, 8, 16, 13, 5, 9, 1
5_15_04 6, 14, 2, 10, 11
7_14_16 12, 4, 8, 16, 5, 13, 1
8_21_20 12, 4, 8, 16, 13, 5, 9, 1
5_2_12 7, 15, 3, 11, 4
6_5_04 4, 12, 16, 8, 5, 13
5_10_02 4, 12, 16, 8, 1
6_6_08 6, 14, 2, 10, 3, 11
2_15_04 6, 14
5_20_04 3, 11, 15, 7, 8
2_6_06 1, 9
7_24_18 11, 3, 7, 15, 16, 8, 12
1_26_18 8
4_2_18 10, 2, 6, 14
7_29_06 7, 15, 3, 11, 4, 12, 16
3_30_20 10, 2, 6
8_30_10 9, 1, 5, 13, 6, 14, 2, 10
3_11_18 12, 4, 16
7_23_08 6, 14, 2, 10, 15, 7, 11
5_25_00 3, 11, 15, 7, 4
2_20_00 13, 5
8_2_20 11, 3, 7, 15, 12, 4, 8, 16
2_17_20 11, 3
5_16_20 14, 6, 10, 2, 15
4_12_18 12, 4, 8, 16
7_25_22 14, 6, 10, 2, 15, 7, 11
6_11_08 7, 15, 3, 11, 8, 16
7_12_00 3, 11, 15, 7, 8, 16, 4
1_13_02 5
7_10_00 3, 11, 15, 7, 16, 8, 12
5_9_20 13, 5, 9, 1, 14
6_30_10 9, 1, 5, 13, 2, 10
1_29_04 6
2_9_04 5, 13
3_2_04 15, 7, 11
7_15_02 5, 13, 1, 9, 10, 2, 6
7_29_06 7, 15, 3, 11, 4, 12, 16
2_17_06 4, 12
2_1_16 9, 1
1_12_14 14
2_16_04 2, 10
1_15_02 13
5_17_10 6, 14, 2, 10, 7
6_15_02 5, 13, 1, 9, 2, 10
2_14_08 4, 12
7_16_10 9, 1, 5, 13, 10, 2, 6
5_8_12 8, 16, 4, 12, 13
3_5_10 7, 15, 3
3_25_16 11, 3, 7
2_12_18 8, 16
8_17_06 4, 12, 16, 8, 5, 13, 1, 9
7_3_18 10, 2, 6, 14, 3, 11, 15
7_2_08 5, 13, 1, 9, 2, 10, 14
6_15_12 10, 2, 6, 14, 7, 15
7_20_14 8, 16, 4, 12, 13, 5, 9
6_17_04 3, 11, 15, 7, 4, 12
3_15_16 12, 4, 16
6_10_04 5, 13, 1, 9, 2, 10
1_25_18 12
3_25_20 13, 5, 9
2_5_20 12, 4
1_19_22 4
6_31_14 11, 3, 7, 15, 8, 16
4_31_08 8, 16, 12
4_10_02 4, 12, 16, 8
7_18_02 2, 10, 14, 6, 15, 7, 11
5_23_06 5, 13, 1, 9, 14
8_28_20 13, 5, 9, 1, 14, 6, 10, 2
4_27_00 3, 11, 15, 7
3_10_00 15, 7, 11
7_28_00 3, 11, 15, 7, 8, 16, 4
6_13_14 11, 3, 7, 15, 8, 16
4_26_02 4, 12, 16, 8
4_2_00 1, 9, 13, 5
6_13_08 8, 16, 4, 12, 5, 13
2_13_16 12, 4
1_22_06 1
8_29_18 13, 5, 9, 1, 10, 2, 6, 14
2_6_08 2, 10
6_1_18 10, 2, 6, 14, 11, 3
5_12_04 5, 13, 1, 9, 10
3_3_22 12, 4, 16
5_11_04 5, 13, 1, 9, 14
5_18_10 6, 14, 2, 10, 3
5_13_16 12, 4, 8, 16, 9
3_9_18 12, 4, 8
8_14_14 11, 3, 7, 15, 8, 16, 4, 12
2_19_08 5, 13
1_10_00 15
2_8_02 15, 7
2_15_02 5, 13
8_12_02 4, 12, 16, 8, 5, 13, 1, 9
5_15_16 12, 4, 8, 16, 1
2_15_18 13, 5
4_26_14 10, 2, 6, 14
5_23_02 3, 11, 15, 7, 12
2_25_02 4, 12
8_8_16 10, 2, 6, 14, 11, 3, 7, 15
7_15_02 5, 13, 1, 9, 10, 2, 6
4_29_08 8, 16, 4, 12
3_16_04 2, 10, 6
1_22_10 3
1_28_18 16
4_21_02 3, 11, 15, 7
6_17_06 4, 12, 16, 8, 5, 13
7_30_20 14, 6, 10, 2, 7, 15, 3
5_14_20 14, 6, 10, 2, 7
5_24_06 5, 13, 1, 9, 10
4_20_10 6, 14, 2, 10
8_7_02 3, 11, 15, 7, 4, 12, 16, 8
2_15_02 5, 13
6_15_00 4, 12, 16, 8, 1, 9
5_20_08 5, 13, 1, 9, 10
8_25_22 14, 6, 10, 2, 15, 7, 11, 3
3_10_18 8, 16, 4
4_1_14 8, 16, 4, 12
7_3_20 11, 3, 7, 15, 4, 12, 16
6_23_04 4, 12, 16, 8, 5, 13
1_21_16 10
2_21_12 8, 16
2_7_00 2, 10
5_8_00 2, 10, 14, 6, 7
5_11_06 6, 14, 2, 10, 15
3_2_16 5, 13, 1
1_17_00 1
5_3_06 4, 12, 16, 8, 13
4_30_20 14, 6, 10, 2
1_21_10 7
1_5_00 2
7_4_08 5, 13, 1, 9, 10, 2, 6
3_25_06 6, 14, 2
6_13_12 10, 2, 6, 14, 7, 15
1_7_02 11
4_12_06 6, 14, 2, 10
2_12_02 16, 8
6_22_04 4, 12, 16, 8, 1, 9
3_7_12 8, 16, 12
5_7_20 12, 4, 8, 16, 5
5_30_20 14, 6, 10, 2, 7
6_27_20 13, 5, 9, 1, 14, 6
4_19_02 2, 10, 14, 6
6_31_04 6, 14, 2, 10, 3, 11
6_25_18 12, 4, 8, 16, 13, 5
8_21_06 5, 13, 1, 9, 6, 14, 2, 10
7_8_00 2, 10, 14, 6, 7, 15, 3
5_31_08 8, 16, 4, 12, 13
8_9_18 12, 4, 8, 16, 13, 5, 9, 1
3_4_22 8, 16, 12
4_3_12 7, 15, 3, 11
7_28_04 5, 13, 1, 9, 10, 2, 6
4_22_20 12, 4, 8, 16
6_2_06 4, 12, 16, 8, 1, 9
6_21_14 9, 1, 5, 13, 10, 2
8_10_12 9, 1, 5, 13, 10, 2, 6, 14
3_27_04 5, 13, 9
1_31_18 5
8_23_06 5, 13, 1, 9, 6, 14, 2, 10
8_1_02 2, 10, 14, 6, 3, 11, 15, 7
6_23_18 11, 3, 7, 15, 12, 4
3_29_14 11, 3, 7
2_5_08 6, 14
6_12_06 6, 14, 2, 10, 3, 11
1_14_02 1
3_29_16 12, 4, 8
1_2_04 15
8_9_06 6, 14, 2, 10, 7, 15, 3, 11
5_31_00 4, 12, 16, 8, 9
6_3_14 8, 16, 4, 12, 9, 1
6_13_00 4, 12, 16, 8, 1, 9
1_19_02 10
6_11_02 4, 12, 16, 8, 5, 13
2_21_20 12, 4
4_2_22 12, 4, 8, 16
3_19_00 1, 9, 5
8_12_08 7, 15, 3, 11, 8, 16, 4, 12
7_31_06 7, 15, 3, 11, 12, 4, 8
4_3_14 8, 16, 4, 12
8_17_16 9, 1, 5, 13, 10, 2, 6, 14
7_27_02 4, 12, 16, 8, 13, 5, 9
5_29_12 10, 2, 6, 14, 7
8_12_08 7, 15, 3, 11, 8, 16, 4, 12
6_6_00 2, 10, 14, 6, 15, 7
4_6_10 7, 15, 3, 11
2_24_06 1, 9
2_19_18 10, 2
1_8_08 10
3_31_16 12, 4, 16
2_21_06 5, 13
1_3_04 11
8_26_04 5, 13, 1, 9, 6, 14, 2, 10
1_27_22 6
1_28_12 13
3_13_20 14, 6, 10
5_27_22 14, 6, 10, 2, 7
1_4_00 5
4_26_12 9, 1, 5, 13
3_20_18 6, 14, 10
7_23_06 5, 13, 1, 9, 14, 6, 10
7_20_18 10, 2, 6, 14, 15, 7, 11
5_6_10 7, 15, 3, 11, 4
1_25_08 7
2_29_16 12, 4
6_7_06 5, 13, 1, 9, 6, 14
8_19_08 5, 13, 1, 9, 6, 14, 2, 10
1_4_02 6
1_4_14 12
1_2_10 2
5_22_22 13, 5, 9, 1, 10
5_9_20 13, 5, 9, 1, 14
8_30_22 15, 7, 11, 3, 12, 4, 8, 16
7_2_04 3, 11, 15, 7, 16, 8, 12
7_14_08 8, 16, 4, 12, 1, 9, 13
4_3_04 3, 11, 15, 7
5_19_20 11, 3, 7, 15, 4
6_21_22 13, 5, 9, 1, 14, 6
7_15_08 8, 16, 4, 12, 13, 5, 9
1_2_10 2
5_1_02 2, 10, 14, 6, 3
2_21_14 9, 1
4_28_18 12, 4, 8, 16
2_26_18 8, 16
7_17_16 9, 1, 5, 13, 10, 2, 6
5_10_00 3, 11, 15, 7, 16
8_28_02 4, 12, 16, 8, 5, 13, 1, 9
7_28_14 10, 2, 6, 14, 15, 7, 11
8_13_16 12, 4, 8, 16, 9, 1, 5, 13
7_31_18 13, 5, 9, 1, 2, 10, 14
7_20_16 9, 1, 5, 13, 14, 6, 10
2_1_02 2, 10
6_20_14 8, 16, 4, 12, 5, 13
1_16_02 9
7_28_02 4, 12, 16, 8, 9, 1, 5
8_15_14 11, 3, 7, 15, 8, 16, 4, 12
3_9_04 5, 13, 1
7_4_16 9, 1, 5, 13, 14, 6, 10
2_25_18 12, 4
5_10_16 11, 3, 7, 15, 8
1_31_00 12
2_13_20 14, 6
5_19_00 1, 9, 13, 5, 10
4_29_08 8, 16, 4, 12
5_19_16 9, 1, 5, 13, 2
1_7_10 15
3_29_20 14, 6, 10
6_26_10 8, 16, 4, 12, 5, 13
4_1_04 3, 11, 15, 7
2_16_14 7, 15
1_5_22 13
2_31_14 11, 3
2_8_08 2, 10
4_27_02 4, 12, 16, 8
2_17_06 4, 12
6_21_08 6, 14, 2, 10, 7, 15
6_10_10 8, 16, 4, 12, 5, 13
2_4_20 7, 15
7_30_08 8, 16, 4, 12, 1, 9, 13
8_28_14 10, 2, 6, 14, 11, 3, 7, 15
6_21_04 4, 12, 16, 8, 5, 13
3_29_08 8, 16, 4
5_22_20 12, 4, 8, 16, 9
6_31_18 13, 5, 9, 1, 10, 2
5_2_08 5, 13, 1, 9, 2
7_12_02 4, 12, 16, 8, 9, 1, 5
6_18_00 1, 9, 13, 5, 14, 6
8_23_02 3, 11, 15, 7, 4, 12, 16, 8
6_11_08 7, 15, 3, 11, 8, 16
6_31_08 8, 16, 4, 12, 5, 13
1_21_12 8
8_21_14 9, 1, 5, 13, 10, 2, 6, 14
2_2_10 2, 10
7_26_02 4, 12, 16, 8, 1, 9, 13
2_25_02 4, 12
1_6_12 4
8_21_00 2, 10, 14, 6, 3, 11, 15, 7
8_13_20 14, 6, 10, 2, 11, 3, 7, 15
5_17_10 6, 14, 2, 10, 7
5_22_12 8, 16, 4, 12, 5
1_5_20 12
8_2_08 5, 13, 1, 9, 6, 14, 2, 10
5_4_18 10, 2, 6, 14, 15
7_7_20 12, 4, 8, 16, 5, 13, 1
3_20_18 6, 14, 10
2_10_16 7, 15
3_19_08 5, 13, 9
2_13_00 4,12
2_20_06 16, 8
1_23_18 3
4_31_22 15, 7, 11, 3
1_6_00 14
5_22_12 8, 16, 4, 12, 5
8_28_08 7, 15, 3, 11, 8, 16, 4, 12
4_22_20 12, 4, 8, 16
4_16_04 6, 14, 2, 10
2_8_08 2, 10
7_18_04 3, 11, 15, 7, 16, 8, 12
7_30_10 9, 1, 5, 13, 2, 10, 14
7_30_06 7, 15, 3, 11, 16, 8, 12
6_24_16 10, 2, 6, 14, 7, 15
4_5_02 3, 11, 15, 7
8_9_00 3, 11, 15, 7, 4, 12, 16, 8
2_1_04 3, 11
3_13_14 11, 3, 7
5_20_06 4, 12, 16, 8, 9
5_8_08 6, 14, 2, 10, 11
1_8_06 9
6_19_14 8, 16, 4, 12, 9, 1
2_17_14 8, 16
6_15_08 8, 16, 4, 12, 5, 13
6_12_02 4, 12, 16, 8, 1, 9
1_14_08 4
6_13_06 7, 15, 3, 11, 4, 12
4_31_14 11, 3, 7, 15
4_22_20 12, 4, 8, 16
7_5_12 8, 16, 4, 12, 9, 1, 5
1_29_02 5
6_17_04 3, 11, 15, 7, 4, 12
1_5_08 6
6_27_22 14, 6, 10, 2, 15, 7
7_5_08 6, 14, 2, 10, 7, 15, 3
1_6_14 5
1_22_20 8
2_4_08 1, 9
5_4_00 1, 9, 13, 5, 6
2_8_06 1, 9
2_17_04 3, 11
4_4_14 8, 16, 4, 12
5_15_04 6, 14, 2, 10, 11
8_2_04 3, 11, 15, 7, 4, 12, 16, 8
5_13_20 14, 6, 10, 2, 11
6_29_22 15, 7, 11, 3, 12, 4
4_16_18 13, 5, 9, 1
8_23_02 3, 11, 15, 7, 4, 12, 16, 8
3_24_16 6, 14, 10
3_30_02 1, 9, 13
4_2_02 2, 10, 14, 6
6_8_18 11, 3, 7, 15, 8, 16
2_30_02 1, 9
1_15_18 5
5_20_14 8, 16, 4, 12, 13
4_12_18 12, 4, 8, 16
8_2_02 2, 10, 14, 6, 3, 11, 15, 7
8_23_22 13, 5, 9, 1, 14, 6, 10, 2
1_8_08 10
3_10_20 9, 1, 5
1_9_06 6
3_25_02 4, 12, 16
4_27_06 6, 14, 2, 10
7_4_14 8, 16, 4, 12, 13, 5, 9
5_5_08 6, 14, 2, 10, 7
5_2_20 11, 3, 7, 15, 8
4_18_20 11, 3, 7, 15
1_14_20 10
3_21_18 11, 3, 7
2_21_02 3, 11
8_14_02 5, 13, 1, 9, 2, 10, 14, 6
1_5_06 5
4_18_02 2, 10, 14, 6
1_9_12 9
5_20_12 7, 15, 3, 11, 12
1_19_16 1
3_19_18 10, 2, 14
6_13_20 14, 6, 10, 2, 11, 3
7_16_14 11, 3, 7, 15, 12, 4, 8
1_18_08 1
3_6_12 4, 12, 16
5_17_14 8, 16, 4, 12, 9
7_4_08 5, 13, 1, 9, 10, 2, 6
4_9_08 7, 15, 3, 11
8_29_18 13, 5, 9, 1, 10, 2, 6, 14
3_25_18 12, 4, 8
4_26_18 12, 4, 8, 16
8_2_10 6, 14, 2, 10, 7, 15, 3, 11
4_30_16 12, 4, 8, 16
6_15_22 15, 7, 11, 3, 12, 4
1_5_22 13
2_22_08 2, 10
7_7_02 3, 11, 15, 7, 12, 4, 8
8_21_08 6, 14, 2, 10, 7, 15, 3, 11
7_3_20 11, 3, 7, 15, 4, 12, 16
4_20_14 8, 16, 4, 12
8_8_20 12, 4, 8, 16, 13, 5, 9, 1
6_25_08 7, 15, 3, 11, 8, 16
5_1_22 12, 4, 8, 16, 13
5_30_16 12, 4, 8, 16, 5
6_26_04 5, 13, 1, 9, 2, 10
1_8_14 13
4_29_10 9, 1, 5, 13
2_4_12 3, 11
3_7_04 4, 12, 8
7_25_04 5, 13, 1, 9, 6, 14, 2
6_27_10 8, 16, 4, 12, 9, 1
6_25_14 10, 2, 6, 14, 11, 3
5_1_22 12, 4, 8, 16, 13
7_4_18 10, 2, 6, 14, 15, 7, 11
3_5_18 11, 3, 7
5_4_04 3, 11, 15, 7, 8
2_10_08 3, 11
2_28_00 15, 7
4_12_08 7, 15, 3, 11
5_20_20 11, 3, 7, 15, 16
1_11_22 6
2_8_22 9, 1
4_20_20 11, 3, 7, 15
4_24_02 3, 11, 15, 7
6_15_04 6, 14, 2, 10, 3, 11
3_1_04 3, 11, 15
4_29_08 8, 16, 4, 12
5_17_12 7, 15, 3, 11, 8
3_29_12 10, 2, 6
3_13_04 6, 14, 2
3_18_06 16, 8, 12
6_26_06 6, 14, 2, 10, 3, 11
4_27_08 7, 15, 3, 11
8_26_12 9, 1, 5, 13, 10, 2, 6, 14
4_6_10 7, 15, 3, 11
3_29_16 12, 4, 8
1_7_00 10
8_3_22 12, 4, 8, 16, 13, 5, 9, 1
4_18_12 7, 15, 3, 11
2_26_04 1, 9
5_26_06 6, 14, 2, 10, 3
3_26_16 7, 15, 3
6_27_10 8, 16, 4, 12, 9, 1
8_11_02 4, 12, 16, 8, 5, 13, 1, 9
3_13_18 13, 5, 9
8_10_22 14, 6, 10, 2, 15, 7, 11, 3
1_13_22 15
3_13_08 8, 16, 4
2_22_16 6, 14
7_26_00 3, 11, 15, 7, 16, 8, 12
8_13_20 14, 6, 10, 2, 11, 3, 7, 15
1_19_00 9
5_28_12 9, 1, 5, 13, 14
4_10_04 5, 13, 1, 9
1_25_12 9
3_28_16 7, 15, 11
6_5_12 8, 16, 4, 12, 9, 1
5_11_04 5, 13, 1, 9, 14
3_30_14 7, 15, 3
3_30_04 2, 10, 14
7_20_18 10, 2, 6, 14, 15, 7, 11
7_8_16 10, 2, 6, 14, 15, 7, 11
1_21_16 10
7_30_08 8, 16, 4, 12, 1, 9, 13
1_2_06 16
2_31_02 5, 13
1_11_10 16
6_29_10 9, 1, 5, 13, 6, 14
2_2_14 4, 12
6_28_00 3, 11, 15, 7, 16, 8
2_7_22 13, 5
5_24_14 9, 1, 5, 13, 14
6_5_20 12, 4, 8, 16, 13, 5
5_28_02 4, 12, 16, 8, 9
3_13_20 14, 6, 10
6_3_02 2, 10, 14, 6, 3, 11
5_26_22 14, 6, 10, 2, 11
6_27_22 14, 6, 10, 2, 15, 7
6_16_18 13, 5, 9, 1, 6, 14
2_28_08 3, 11
6_9_22 14, 6, 10, 2, 15, 7
2_27_00 3, 11
1_9_10 8
6_10_04 5, 13, 1, 9, 2, 10
4_9_22 14, 6, 10, 2
5_20_08 5, 13, 1, 9, 10
7_11_06 6, 14, 2, 10, 15, 7, 11
4_21_10 7, 15, 3, 11
7_24_18 11, 3, 7, 15, 16, 8, 12
1_19_06 12
5_18_12 7, 15, 3, 11, 4
6_5_06 5, 13, 1, 9, 6, 14
2_9_06 6, 14
4_23_12 8, 16, 4, 12
3_18_06 16, 8, 12
1_22_14 5
5_15_14 11, 3, 7, 15, 16
2_18_20 7, 15
2_22_00 14, 6
4_16_12 10, 2, 6, 14
5_3_00 1, 9, 13, 5, 10
6_21_08 6, 14, 2, 10, 7, 15
4_2_00 1, 9, 13, 5
4_22_20 12, 4, 8, 16
8_16_00 4, 12, 16, 8, 1, 9, 13, 5
5_22_14 9, 1, 5, 13, 6
2_16_04 2, 10
4_7_18 11, 3, 7, 15
6_23_10 7, 15, 3, 11, 8, 16
8_3_10 6, 14, 2, 10, 7, 15, 3, 11
1_22_14 5
6_6_00 2, 10, 14, 6, 15, 7
7_23_16 10, 2, 6, 14, 3, 11, 15
5_3_20 11, 3, 7, 15, 4
2_12_06 2, 10
6_17_20 11, 3, 7, 15, 12, 4
8_30_14 11, 3, 7, 15, 8, 16, 4, 12
3_3_12 7, 15, 11
6_8_14 9, 1, 5, 13, 6, 14
1_15_08 16
6_9_02 4, 12, 16, 8, 5, 13
1_16_12 14
6_5_10 7, 15, 3, 11, 8, 16
4_25_20 13, 5, 9, 1
5_28_06 6, 14, 2, 10, 11
5_31_08 8, 16, 4, 12, 13
3_12_04 1, 9, 5
6_6_02 3, 11, 15, 7, 16, 8
8_9_06 6, 14, 2, 10, 7, 15, 3, 11
2_20_04 15, 7
1_4_14 12
2_26_20 9, 1
4_17_02 2, 10, 14, 6
4_14_02 5, 13, 1, 9
5_8_06 5, 13, 1, 9, 10
7_25_06 6, 14, 2, 10, 7, 15, 3
5_21_12 8, 16, 4, 12, 9
8_7_10 7, 15, 3, 11, 8, 16, 4, 12
7_31_14 11, 3, 7, 15, 16, 8, 12
8_11_16 11, 3, 7, 15, 12, 4, 8, 16
8_10_06 6, 14, 2, 10, 7, 15, 3, 11
4_20_08 5, 13, 1, 9
2_28_02 16, 8
6_6_22 13, 5, 9, 1, 10, 2
5_10_06 6, 14, 2, 10, 3
1_12_16 15
7_21_04 4, 12, 16, 8, 5, 13, 1
5_1_16 9, 1, 5, 13, 10
8_22_04 4, 12, 16, 8, 5, 13, 1, 9
6_29_02 5, 13, 1, 9, 2, 10
2_18_22 8, 16
7_20_10 6, 14, 2, 10, 11, 3, 7
1_8_14 13
7_28_12 9, 1, 5, 13, 14, 6, 10
3_5_20 12, 4, 8
2_30_08 4, 12
4_20_02 2, 10, 14, 6
4_1_02 2, 10, 14, 6
2_9_06 6, 14
3_29_20 14, 6, 10
3_30_04 2, 10, 14
5_1_22 12, 4, 8, 16, 13
7_20_18 10, 2, 6, 14, 15, 7, 11
3_5_06 5, 13, 1
3_18_02 14, 6, 10
4_12_06 6, 14, 2, 10
8_5_14 9, 1, 5, 13, 10, 2, 6, 14
6_18_20 11, 3, 7, 15, 8, 16
8_9_10 8, 16, 4, 12, 9, 1, 5, 13
5_10_06 6, 14, 2, 10, 3
5_1_08 5, 13, 1, 9, 6
4_30_04 6, 14, 2, 10
3_8_20 8, 16, 12
6_10_20 13, 5, 9, 1, 10, 2
2_26_06 2, 10
6_23_20 12, 4, 8, 16, 13, 5
3_25_02 4, 12, 16
1_9_02 4
2_29_12 10, 2
6_8_06 5, 13, 1, 9, 2, 10
1_19_22 4
5_6_18 11, 3, 7, 15, 8
8_24_16 10, 2, 6, 14, 11, 3, 7, 15
8_25_22 14, 6, 10, 2, 15, 7, 11, 3
6_16_20 14, 6, 10, 2, 7, 15
8_8_10 7, 15, 3, 11, 8, 16, 4, 12
7_2_14 8, 16, 4, 12, 5, 13, 1
2_6_12 4, 12
2_7_16 10, 2
1_7_10 15
2_27_12 9, 1
8_31_14 11, 3, 7, 15, 8, 16, 4, 12
3_17_10 6, 14, 2
8_12_12 9, 1, 5, 13, 10, 2, 6, 14
7_30_20 14, 6, 10, 2, 7, 15, 3
8_18_22 12, 4, 8, 16, 13, 5, 9, 1
8_20_18 10, 2, 6, 14, 11, 3, 7, 15
8_14_12 10, 2, 6, 14, 7, 15, 3, 11
4_28_04 5, 13, 1, 9
4_18_14 8, 16, 4, 12
4_28_04 5, 13, 1, 9
7_31_00 4, 12, 16, 8, 9, 1, 5
1_19_14 16
6_26_22 14, 6, 10, 2, 11, 3
7_14_12 10, 2, 6, 14, 3, 11, 15
2_10_14 6, 14
4_4_22 12, 4, 8, 16
5_15_10 9, 1, 5, 13, 14
8_12_12 9, 1, 5, 13, 10, 2, 6, 14
7_23_00 2, 10, 14, 6, 11, 3, 7
4_2_04 3, 11, 15, 7
5_27_12 9, 1, 5, 13, 2
8_5_20 12, 4, 8, 16, 13, 5, 9, 1
7_10_08 7, 15, 3, 11, 4, 12, 16
2_2_06 16, 8
4_12_06 6, 14, 2, 10
5_13_18 13, 5, 9, 1, 10
5_20_12 7, 15, 3, 11, 12
3_12_22 10, 2, 14
7_5_02 3, 11, 15, 7, 4, 12, 16
3_19_22 12, 4, 16
3_16_20 10, 2, 14
2_29_00 4,12
1_14_00 16
3_24_20 8, 16, 12
1_5_06 5
1_26_20 9
5_9_20 13, 5, 9, 1, 14
4_18_16 9, 1, 5, 13
1_16_10 13
1_30_14 7
2_12_06 2, 10
3_23_10 7, 15, 11
4_23_02 3, 11, 15, 7
3_22_22 9, 1, 5
2_9_18 12, 4
3_8_14 5, 13, 9
2_25_08 7, 15
1_13_20 14
4_8_06 5, 13, 1, 9
5_27_22 14, 6, 10, 2, 7
3_16_06 3, 11, 7
2_16_12 6, 14
8_2_02 2, 10, 14, 6, 3, 11, 15, 7
2_27_12 9, 1
2_17_20 11, 3
2_13_12 10, 2
5_4_20 11, 3, 7, 15, 16
3_20_00 13, 5, 1
5_25_08 7, 15, 3, 11, 8
2_23_18 11, 3
2_26_06 2, 10
8_24_14 9, 1, 5, 13, 10, 2, 6, 14
2_30_16 8, 16
4_4_10 6, 14, 2, 10
2_10_06 2, 10
1_19_16 1
2_14_18 9, 1
7_15_06 7, 15, 3, 11, 12, 4, 8
1_21_02 3
6_15_10 9, 1, 5, 13, 6, 14
2_2_04 15, 7
4_18_22 12, 4, 8, 16
8_26_18 12, 4, 8, 16, 13, 5, 9, 1
2_5_00 2, 10
1_9_18 12
1_13_00 4
8_18_10 6, 14, 2, 10, 7, 15, 3, 11
8_22_08 6, 14, 2, 10, 7, 15, 3, 11
6_11_22 14, 6, 10, 2, 15, 7
3_21_04 4, 12, 16
1_19_20 3
7_14_00 4, 12, 16, 8, 13, 5, 9
4_25_00 3, 11, 15, 7
1_10_08 3
1_7_20 4
7_28_04 5, 13, 1, 9, 10, 2, 6
2_17_12 7, 15
7_8_14 9, 1, 5, 13, 14, 6, 10
6_24_12 8, 16, 4, 12, 5, 13
5_2_12 7, 15, 3, 11, 4
1_4_14 12
5_24_06 5, 13, 1, 9, 10
1_25_02 4
3_16_10 5, 13, 9
7_5_22 13, 5, 9, 1, 14, 6, 10
3_26_08 3, 11, 15
5_17_02 2, 10, 14, 6, 3
4_21_22 13, 5, 9, 1
6_31_12 10, 2, 6, 14, 7, 15
2_17_18 10, 2
3_31_06 7, 15, 11
1_8_08 10
5_28_00 3, 11, 15, 7, 8
2_3_02 2, 10
1_24_06 9
4_31_02 5, 13, 1, 9
5_21_06 5, 13, 1, 9, 6
7_29_04 6, 14, 2, 10, 3, 11, 15
5_20_04 3, 11, 15, 7, 8
7_8_20 12, 4, 8, 16, 1, 9, 13
8_5_04 4, 12, 16, 8, 5, 13, 1, 9
8_1_00 1, 9, 13, 5, 2, 10, 14, 6
4_11_00 3, 11, 15, 7
8_29_16 12, 4, 8, 16, 9, 1, 5, 13
3_17_04 3, 11, 15
8_23_08 6, 14, 2, 10, 7, 15, 3, 11
7_18_00 1, 9, 13, 5, 14, 6, 10
5_29_12 10, 2, 6, 14, 7
6_2_02 2, 10, 14, 6, 15, 7
2_20_08 1, 9
5_9_10 8, 16, 4, 12, 9
2_14_18 9, 1
4_4_22 12, 4, 8, 16
2_6_12 4, 12
4_8_12 8, 16, 4, 12
4_7_18 11, 3, 7, 15
4_23_12 8, 16, 4, 12
7_11_20 13, 5, 9, 1, 6, 14, 2
5_30_08 8, 16, 4, 12, 1
6_7_08 6, 14, 2, 10, 7, 15
2_9_00 3, 11
2_18_14 4, 12
5_25_14 10, 2, 6, 14, 11
8_4_10 6, 14, 2, 10, 7, 15, 3, 11
5_22_22 13, 5, 9, 1, 10
1_30_04 2
7_6_14 9, 1, 5, 13, 6, 14, 2
6_29_20 14, 6, 10, 2, 11, 3
4_8_16 10, 2, 6, 14
7_22_22 13, 5, 9, 1, 10, 2, 6
4_27_04 5, 13, 1, 9
6_8_04 4, 12, 16, 8, 1, 9
6_2_20 11, 3, 7, 15, 8, 16
5_31_10 9, 1, 5, 13, 14
4_28_04 5, 13, 1, 9
6_23_16 10, 2, 6, 14, 11, 3
3_5_10 7, 15, 3
7_14_20 14, 6, 10, 2, 7, 15, 3
1_18_10 2
5_19_04 3, 11, 15, 7, 12
8_4_14 8, 16, 4, 12, 9, 1, 5, 13
5_11_08 7, 15, 3, 11, 16
5_5_12 8, 16, 4, 12, 9
1_11_12 1
7_6_20 12, 4, 8, 16, 9, 1, 5
1_20_02 6
8_23_06 5, 13, 1, 9, 6, 14, 2, 10
6_10_20 13, 5, 9, 1, 10, 2
6_21_20 12, 4, 8, 16, 13, 5
7_11_10 8, 16, 4, 12, 1, 9, 13
1_26_08 3
7_14_08 8, 16, 4, 12, 1, 9, 13
4_12_14 10, 2, 6, 14
1_22_18 7
7_29_04 6, 14, 2, 10, 3, 11, 15
1_26_08 3
3_31_16 12, 4, 16
7_12_22 14, 6, 10, 2, 3, 11, 15
3_9_00 3, 11, 15
6_18_18 10, 2, 6, 14, 7, 15
6_11_16 11, 3, 7, 15, 12, 4
4_14_08 8, 16, 4, 12
6_3_18 10, 2, 6, 14, 11, 3
6_23_18 11, 3, 7, 15, 12, 4
1_6_06 1
1_26_20 9
8_9_04 5, 13, 1, 9, 6, 14, 2, 10
2_6_08 2, 10
6_29_20 14, 6, 10, 2, 11, 3
1_5_22 13
2_5_20 12, 4
2_31_06 7, 15
1_2_02 14
5_28_16 11, 3, 7, 15, 16
1_11_16 3
2_20_18 6, 14
7_18_00 1, 9, 13, 5, 14, 6, 10
3_10_04 1, 9, 13
3_19_10 6, 14, 10
7_22_04 4, 12, 16, 8, 1, 9, 13
8_10_06 6, 14, 2, 10, 7, 15, 3, 11
5_27_16 11, 3, 7, 15, 4
8_25_16 11, 3, 7, 15, 12, 4, 8, 16
6_25_00 3, 11, 15, 7, 4, 12
6_2_22 12, 4, 8, 16, 9, 1
2_25_08 7, 15
8_13_08 8, 16, 4, 12, 5, 13, 1, 9
4_8_04 4, 12, 16, 8
4_1_06 4, 12, 16, 8
7_18_12 7, 15, 3, 11, 4, 12, 16
1_22_18 7
4_31_12 10, 2, 6, 14
2_16_20 10, 2
8_30_02 5, 13, 1, 9, 2, 10, 14, 6
7_1_18 10, 2, 6, 14, 11, 3, 7
6_12_04 5, 13, 1, 9, 2, 10
3_17_08 5, 13, 1
3_3_02 2, 10, 6
1_1_10 6
4_31_20 14, 6, 10, 2
5_5_02 3, 11, 15, 7, 4
5_18_00 1, 9, 13, 5, 14
1_2_06 16
4_12_00 3, 11, 15, 7
4_10_14 10, 2, 6, 14
4_16_18 13, 5, 9, 1
2_9_14 10, 2
7_30_02 5, 13, 1, 9, 14, 6, 10
2_7_16 10, 2
2_27_00 3, 11
1_20_14 12
1_8_20 16
2_22_16 6, 14
1_17_04 3
4_29_16 12, 4, 8, 16
3_23_16 10, 2, 14
1_11_14 2
3_13_10 9, 1, 5
3_26_22 10, 2, 6
8_6_08 6, 14, 2, 10, 7, 15, 3, 11
5_18_04 3, 11, 15, 7, 16
5_13_12 10, 2, 6, 14, 7
2_21_18 11, 3
2_30_10 5, 13
4_13_00 4,12, 16, 8
2_14_08 4, 12
3_11_16 11, 3, 15
7_13_16 12, 4, 8, 16, 9, 1, 5
8_8_10 7, 15, 3, 11, 8, 16, 4, 12
2_26_22 10, 2
3_12_04 1, 9, 5
4_6_22 13, 5, 9, 1
8_7_18 11, 3, 7, 15, 12, 4, 8, 16
8_4_06 4, 12, 16, 8, 5, 13, 1, 9
6_21_08 6, 14, 2, 10, 7, 15
8_30_16 12, 4, 8, 16, 9, 1, 5, 13
1_15_22 7
5_22_06 5, 13, 1, 9, 2
1_14_10 5
3_13_12 10, 2, 6
1_9_14 10
1_4_10 10
3_12_10 4, 12, 8
6_20_22 12, 4, 8, 16, 9, 1
8_20_12 7, 15, 3, 11, 8, 16, 4, 12
4_28_18 12, 4, 8, 16
1_25_04 5
6_9_14 10, 2, 6, 14, 11, 3
1_15_12 2
2_21_14 9, 1
5_16_10 9, 1, 5, 13, 10
7_5_02 3, 11, 15, 7, 4, 12, 16
7_30_08 8, 16, 4, 12, 1, 9, 13
5_17_04 3, 11, 15, 7, 4
8_30_10 9, 1, 5, 13, 6, 14, 2, 10
5_2_06 4, 12, 16, 8, 1
3_17_14 8, 16, 4
4_24_16 10, 2, 6, 14
4_17_20 11, 3, 7, 15
4_25_12 9, 1, 5, 13
4_29_12 10, 2, 6, 14
1_10_08 3
2_10_00 15, 7
1_19_20 3
2_14_22 11, 3
8_23_20 12, 4, 8, 16, 13, 5, 9, 1
6_16_02 5, 13, 1, 9, 14, 6
7_11_06 6, 14, 2, 10, 15, 7, 11
7_2_06 4, 12, 16, 8, 1, 9, 13
1_22_04 16
6_19_12 7, 15, 3, 11, 8, 16
3_9_00 3, 11, 15
6_19_10 6, 14, 2, 10, 7, 15
4_30_10 9, 1, 5, 13
7_1_08 5, 13, 1, 9, 6, 14, 2
1_31_02 13
1_27_04 13
8_20_10 6, 14, 2, 10, 7, 15, 3, 11
6_15_00 4, 12, 16, 8, 1, 9
3_31_04 6, 14, 10
6_12_02 4, 12, 16, 8, 1, 9
3_13_04 6, 14, 2
1_30_04 2
8_24_04 4, 12, 16, 8, 5, 13, 1, 9
4_26_22 14, 6, 10, 2
8_14_16 12, 4, 8, 16, 9, 1, 5, 13
5_10_16 11, 3, 7, 15, 8
2_20_00 13, 5
5_20_20 11, 3, 7, 15, 16
1_25_00 3
7_20_00 1, 9, 13, 5, 6, 14, 2
3_30_10 5, 13, 1
2_24_00 14, 6
1_8_00 6
3_21_04 4, 12, 16
4_31_18 13, 5, 9, 1
7_28_02 4, 12, 16, 8, 9, 1, 5
6_11_14 10, 2, 6, 14, 11, 3
2_23_06 5, 13
3_7_02 3, 11, 7
2_4_10 2, 10
7_6_10 7, 15, 3, 11, 4, 12, 16
6_11_00 3, 11, 15, 7, 4, 12
8_29_02 5, 13, 1, 9, 2, 10, 14, 6
7_9_12 9, 1, 5, 13, 10, 2, 6
7_13_02 5, 13, 1, 9, 2, 10, 14
4_5_20 12, 4, 8, 16
6_2_02 2, 10, 14, 6, 15, 7
4_22_18 11, 3, 7, 15
8_24_00 2, 10, 14, 6, 3, 11, 15, 7
7_8_02 3, 11, 15, 7, 8, 16, 4
8_6_06 5, 13, 1, 9, 6, 14, 2, 10
7_31_06 7, 15, 3, 11, 12, 4, 8
4_3_20 11, 3, 7, 15
7_10_20 13, 5, 9, 1, 10, 2, 6
1_23_02 11
3_18_12 3, 11, 15
3_16_12 6, 14, 10
7_30_10 9, 1, 5, 13, 2, 10, 14
5_12_00 3, 11, 15, 7, 8
1_13_12 10
1_28_12 13
8_19_02 2, 10, 14, 6, 3, 11, 15, 7
8_28_20 13, 5, 9, 1, 14, 6, 10, 2
5_13_12 10, 2, 6, 14, 7
2_24_06 1, 9
1_19_10 14
6_19_22 12, 4, 8, 16, 13, 5
4_20_18 10, 2, 6, 14
2_18_14 4, 12
1_27_06 14
6_3_00 1, 9, 13, 5, 2, 10
2_27_18 12, 4
3_1_20 11, 3, 7
6_8_02 3, 11, 15, 7, 16, 8
4_11_18 12, 4, 8, 16
6_23_00 2, 10, 14, 6, 3, 11
8_8_06 5, 13, 1, 9, 6, 14, 2, 10
7_9_04 5, 13, 1, 9, 6, 14, 2
8_1_20 11, 3, 7, 15, 12, 4, 8, 16
6_3_08 5, 13, 1, 9, 6, 14
6_4_22 12, 4, 8, 16, 9, 1
2_21_08 6, 14
7_27_00 3, 11, 15, 7, 12, 4, 8
4_1_00 1, 9, 13, 5
6_27_06 6, 14, 2, 10, 7, 15
4_3_18 10, 2, 6, 14
5_17_12 7, 15, 3, 11, 8
4_16_16 12, 4, 8, 16
5_4_04 3, 11, 15, 7, 8
6_23_16 10, 2, 6, 14, 11, 3
2_5_18 11, 3
8_3_02 2, 10, 14, 6, 3, 11, 15, 7
5_31_16 12, 4, 8, 16, 1
5_6_06 5, 13, 1, 9, 2
8_13_16 12, 4, 8, 16, 9, 1, 5, 13
5_10_18 12, 4, 8, 16, 9
6_17_06 4, 12, 16, 8, 5, 13
8_21_10 7, 15, 3, 11, 8, 16, 4, 12
1_24_10 11
3_7_22 13, 5, 1
5_14_04 6, 14, 2, 10, 15
3_4_20 7, 15, 11
4_9_08 7, 15, 3, 11
2_22_00 14, 6
8_25_18 12, 4, 8, 16, 13, 5, 9, 1
3_2_00 13, 5, 9
1_9_18 12
3_29_16 12, 4, 8
6_21_06 5, 13, 1, 9, 6, 14
8_24_18 11, 3, 7, 15, 12, 4, 8, 16
6_17_12 7, 15, 3, 11, 8, 16
4_31_14 11, 3, 7, 15
3_3_00 1, 9, 5
5_11_18 12, 4, 8, 16, 5
8_2_18 10, 2, 6, 14, 11, 3, 7, 15
3_6_22 9, 1, 5
8_22_16 10, 2, 6, 14, 11, 3, 7, 15
1_7_22 5
5_3_08 5, 13, 1, 9, 14
1_6_08 2
4_12_10 8, 16, 4, 12
4_17_02 2, 10, 14, 6
1_26_22 10
4_5_02 3, 11, 15, 7
2_7_00 2, 10
1_7_14 1
4_15_10 9, 1, 5, 13
4_17_08 5, 13, 1, 9
6_8_20 12, 4, 8, 16, 9, 1
8_2_06 4, 12, 16, 8, 5, 13, 1, 9
8_13_16 12, 4, 8, 16, 9, 1, 5, 13
6_5_22 13, 5, 9, 1, 14, 6
4_4_16 9, 1, 5, 13
8_24_20 12, 4, 8, 16, 13, 5, 9, 1
4_17_10 6, 14, 2, 10
8_12_04 5, 13, 1, 9, 6, 14, 2, 10
4_8_06 5, 13, 1, 9
5_1_06 4, 12, 16, 8, 5
5_26_06 6, 14, 2, 10, 3
6_6_00 2, 10, 14, 6, 15, 7
5_23_18 11, 3, 7, 15, 4
6_2_02 2, 10, 14, 6, 15, 7
2_22_18 7, 15
8_30_14 11, 3, 7, 15, 8, 16, 4, 12
7_5_18 11, 3, 7, 15, 12, 4, 8
6_18_18 10, 2, 6, 14, 7, 15
6_4_20 11, 3, 7, 15, 8, 16
1_7_00 10
3_5_02 3, 11, 15
8_25_12 9, 1, 5, 13, 10, 2, 6, 14
7_7_00 2, 10, 14, 6, 11, 3, 7
5_3_20 11, 3, 7, 15, 4
5_22_04 4, 12, 16, 8, 1
3_10_18 8, 16, 4
8_14_12 10, 2, 6, 14, 7, 15, 3, 11
3_22_12 4, 12, 16
6_20_16 9, 1, 5, 13, 6, 14
2_24_08 2, 10
6_5_18 11, 3, 7, 15, 12, 4
5_26_04 5, 13, 1, 9, 2
4_24_14 9, 1, 5, 13
6_21_10 7, 15, 3, 11, 8, 16
6_11_12 9, 1, 5, 13, 10, 2
1_7_12 16
4_28_08 7, 15, 3, 11
4_16_12 10, 2, 6, 14
4_3_00 1, 9, 13, 5
5_17_18 10, 2, 6, 14, 11
2_27_10 8, 16
7_12_20 13, 5, 9, 1, 2, 10, 14
4_5_16 10, 2, 6, 14
5_15_22 15, 7, 11, 3, 4
5_30_00 4, 12, 16, 8, 13
6_10_14 10, 2, 6, 14, 7, 15
1_21_20 12
1_18_12 3
8_24_16 10, 2, 6, 14, 11, 3, 7, 15
7_3_08 5, 13, 1, 9, 14, 6, 10
4_6_14 9, 1, 5, 13
1_29_02 5
6_28_10 8, 16, 4, 12, 5, 13
7_11_22 14, 6, 10, 2, 7, 15, 3
6_2_00 1, 9, 13, 5, 14, 6
2_11_22 14, 6
5_6_18 11, 3, 7, 15, 8
1_30_06 3
3_8_12 4, 12, 8
8_11_16 11, 3, 7, 15, 12, 4, 8, 16
7_10_18 12, 4, 8, 16, 9, 1, 5
5_3_14 8, 16, 4, 12, 1
6_12_22 14, 6, 10, 2, 11, 3
7_13_02 5, 13, 1, 9, 2, 10, 14
2_14_08 4, 12
2_8_04 16, 8
3_18_08 1, 9, 13
8_14_20 14, 6, 10, 2, 11, 3, 7, 15
1_23_18 3
1_3_12 15
5_31_02 5, 13, 1, 9, 10
1_6_08 2
5_25_06 6, 14, 2, 10, 7
4_3_06 4, 12, 16, 8
4_14_18 13, 5, 9, 1
6_25_18 12, 4, 8, 16, 13, 5
3_21_22 13, 5, 9
8_13_20 14, 6, 10, 2, 11, 3, 7, 15
4_30_02 5, 13, 1, 9
3_25_18 12, 4, 8
2_31_00 4,12
6_21_14 9, 1, 5, 13, 10, 2
1_5_04 4
5_16_00 4, 12, 16, 8, 5
3_26_22 10, 2, 6
1_31_12 2
3_10_18 8, 16, 4
3_18_16 5, 13, 1
1_2_06 16
8_18_20 11, 3, 7, 15, 12, 4, 8, 16
5_23_22 13, 5, 9, 1, 6
8_9_22 14, 6, 10, 2, 15, 7, 11, 3
8_31_12 10, 2, 6, 14, 7, 15, 3, 11
5_14_06 7, 15, 3, 11, 16
3_2_22 8, 16, 4
2_10_12 5, 13
2_31_20 14, 6
3_14_08 4, 12, 16
7_25_12 9, 1, 5, 13, 10, 2, 6
8_10_04 5, 13, 1, 9, 6, 14, 2, 10
3_1_12 7, 15, 3
4_24_16 10, 2, 6, 14
8_16_20 14, 6, 10, 2, 11, 3, 7, 15
8_19_00 1, 9, 13, 5, 2, 10, 14, 6
4_25_08 7, 15, 3, 11
2_21_10 7, 15
2_8_08 2, 10
4_17_06 4, 12, 16, 8
1_13_20 14
2_24_04 16, 8
7_3_20 11, 3, 7, 15, 4, 12, 16
1_22_04 16
4_6_22 13, 5, 9, 1
3_17_08 5, 13, 1
1_29_14 11
8_8_00 2, 10, 14, 6, 3, 11, 15, 7
6_1_12 7, 15, 3, 11, 8, 16
2_5_02 3, 11
5_13_12 10, 2, 6, 14, 7
4_25_02 4, 12, 16, 8
3_16_16 8, 16, 12
2_8_10 3, 11
3_3_20 11, 3, 15
2_20_20 7, 15
2_26_20 9, 1
5_26_08 7, 15, 3, 11, 4
2_23_12 8, 16
4_25_12 9, 1, 5, 13
6_11_22 14, 6, 10, 2, 15, 7
2_27_12 9, 1
4_26_22 14, 6, 10, 2
1_21_18 11
3_11_00 3, 11, 7
2_3_02 2, 10
8_14_10 9, 1, 5, 13, 6, 14, 2, 10
6_15_14 11, 3, 7, 15, 8, 16
6_16_20 14, 6, 10, 2, 7, 15
5_28_14 10, 2, 6, 14, 15
7_22_16 10, 2, 6, 14, 7, 15, 3
2_27_06 6, 14
6_10_06 6, 14, 2, 10, 3, 11
7_22_00 2, 10, 14, 6, 15, 7, 11
4_23_14 9, 1, 5, 13
2_11_18 12, 4
4_26_00 3, 11, 15, 7
4_2_02 2, 10, 14, 6
7_2_12 7, 15, 3, 11, 4, 12, 16
7_27_02 4, 12, 16, 8, 13, 5, 9
5_20_00 1, 9, 13, 5, 6
3_24_22 9, 1, 13
6_2_22 12, 4, 8, 16, 9, 1
8_27_14 10, 2, 6, 14, 11, 3, 7, 15
6_6_20 12, 4, 8, 16, 9, 1
5_12_14 10, 2, 6, 14, 15
5_3_16 9, 1, 5, 13, 2
1_10_12 5
5_6_08 6, 14, 2, 10, 3
6_10_02 4, 12, 16, 8, 1, 9
8_25_14 10, 2, 6, 14, 11, 3, 7, 15
5_3_20 11, 3, 7, 15, 4
8_9_08 7, 15, 3, 11, 8, 16, 4, 12
5_17_18 10, 2, 6, 14, 11
2_21_08 6, 14
7_19_14 8, 16, 4, 12, 1, 9, 13
1_18_22 8
3_15_18 13, 5, 1
8_17_20 11, 3, 7, 15, 12, 4, 8, 16
2_11_22 14, 6
3_11_22 14, 6, 2
7_22_04 4, 12, 16, 8, 1, 9, 13
4_30_00 4,12, 16, 8
3_12_12 5, 13, 9
6_25_18 12, 4, 8, 16, 13, 5
2_17_06 4, 12
2_13_18 13, 5
6_1_16 9, 1, 5, 13, 10, 2
6_5_14 9, 1, 5, 13, 10, 2
4_6_22 13, 5, 9, 1
8_2_20 11, 3, 7, 15, 12, 4, 8, 16
7_3_08 5, 13, 1, 9, 14, 6, 10
4_2_02 2, 10, 14, 6
3_10_18 8, 16, 4
8_20_04 3, 11, 15, 7, 4, 12, 16, 8
6_27_02 4, 12, 16, 8, 5, 13
2_7_22 13, 5
1_9_12 9
4_30_10 9, 1, 5, 13
7_28_06 6, 14, 2, 10, 11, 3, 7
6_27_06 6, 14, 2, 10, 7, 15
4_25_22 14, 6, 10, 2
7_30_18 13, 5, 9, 1, 6, 14, 2
8_21_06 5, 13, 1, 9, 6, 14, 2, 10
2_6_20 8, 16
1_20_00 5
5_19_18 10, 2, 6, 14, 3
2_13_14 11, 3
5_28_12 9, 1, 5, 13, 14
1_31_22 7
1_11_04 13
3_19_12 7, 15, 11
5_5_02 3, 11, 15, 7, 4
7_16_10 9, 1, 5, 13, 10, 2, 6
8_22_14 9, 1, 5, 13, 10, 2, 6, 14
8_28_06 6, 14, 2, 10, 7, 15, 3, 11
6_21_06 5, 13, 1, 9, 6, 14
5_15_20 14, 6, 10, 2, 3
2_11_04 5, 13
5_12_16 11, 3, 7, 15, 16
7_1_18 10, 2, 6, 14, 11, 3, 7
2_1_14 8, 16
3_27_14 10, 2, 14
7_16_16 12, 4, 8, 16, 13, 5, 9
6_20_10 6, 14, 2, 10, 3, 11
2_14_20 10, 2
7_16_20 14, 6, 10, 2, 15, 7, 11
7_7_04 4, 12, 16, 8, 13, 5, 9
6_16_10 9, 1, 5, 13, 2, 10
4_26_14 10, 2, 6, 14
4_30_12 10, 2, 6, 14
2_20_08 1, 9
2_26_06 2, 10
5_25_08 7, 15, 3, 11, 8
8_28_20 13, 5, 9, 1, 14, 6, 10, 2
3_5_10 7, 15, 3
5_14_00 4, 12, 16, 8, 13
7_14_10 9, 1, 5, 13, 2, 10, 14
2_17_02 2, 10
6_10_06 6, 14, 2, 10, 3, 11
4_11_18 12, 4, 8, 16
3_16_20 10, 2, 14
6_11_22 14, 6, 10, 2, 15, 7
4_6_04 4, 12, 16, 8
7_11_20 13, 5, 9, 1, 6, 14, 2
6_16_00 4, 12, 16, 8, 13, 5
3_9_10 8, 16, 4
8_15_08 8, 16, 4, 12, 5, 13, 1, 9
4_7_18 11, 3, 7, 15
4_5_02 3, 11, 15, 7
2_25_02 4, 12
2_4_10 2, 10
2_20_04 15, 7
1_10_12 5
6_15_12 10, 2, 6, 14, 7, 15
8_19_16 9, 1, 5, 13, 10, 2, 6, 14
2_11_18 12, 4
4_7_06 5, 13, 1, 9
8_21_16 10, 2, 6, 14, 11, 3, 7, 15
6_26_16 11, 3, 7, 15, 8, 16
7_20_16 9, 1, 5, 13, 14, 6, 10
7_7_10 7, 15, 3, 11, 16, 8, 12
5_21_18 11, 3, 7, 15, 12
6_12_08 7, 15, 3, 11, 4, 12
5_10_08 7, 15, 3, 11, 4
7_16_06 7, 15, 3, 11, 8, 16, 4
6_14_06 7, 15, 3, 11, 16, 8
1_15_14 3
6_24_02 3, 11, 15, 7, 16, 8
2_20_16 5, 13
7_1_12 7, 15, 3, 11, 8, 16, 4
1_18_22 8
7_26_04 5, 13, 1, 9, 2, 10, 14
1_16_00 8
7_9_14 10, 2, 6, 14, 11, 3, 7
3_10_20 9, 1, 5
7_24_08 6, 14, 2, 10, 11, 3, 7
6_7_18 11, 3, 7, 15, 12, 4
8_2_18 10, 2, 6, 14, 11, 3, 7, 15
6_16_14 11, 3, 7, 15, 4, 12
5_1_06 4, 12, 16, 8, 5
5_18_20 11, 3, 7, 15, 8
7_12_14 10, 2, 6, 14, 15, 7, 11
2_29_20 14, 6
5_31_16 12, 4, 8, 16, 1
4_6_22 13, 5, 9, 1
1_17_18 10
5_18_06 4, 12, 16, 8, 1
8_1_10 6, 14, 2, 10, 7, 15, 3, 11
1_14_08 4
5_5_20 12, 4, 8, 16, 13
3_23_06 5, 13, 9
8_26_04 5, 13, 1, 9, 6, 14, 2, 10
7_6_02 3, 11, 15, 7, 16, 8, 12
3_30_08 4, 12, 16
8_5_06 5, 13, 1, 9, 6, 14, 2, 10
4_14_20 14, 6, 10, 2
3_30_00 16, 8, 12
6_25_18 12, 4, 8, 16, 13, 5
5_29_00 4, 12, 16, 8, 1
3_25_06 6, 14, 2
8_28_22 14, 6, 10, 2, 15, 7, 11, 3
2_4_08 1, 9
8_10_20 13, 5, 9, 1, 14, 6, 10, 2
8_3_12 7, 15, 3, 11, 8, 16, 4, 12
1_10_20 9
6_16_18 13, 5, 9, 1, 6, 14
4_24_14 9, 1, 5, 13
4_14_20 14, 6, 10, 2
5_20_04 3, 11, 15, 7, 8
8_9_20 13, 5, 9, 1, 14, 6, 10, 2
7_26_02 4, 12, 16, 8, 1, 9, 13
3_19_10 6, 14, 10
5_7_04 4, 12, 16, 8, 13
2_28_10 4, 12
7_7_22 13, 5, 9, 1, 6, 14, 2
2_15_22 15, 7
5_30_06 7, 15, 3, 11, 16
6_27_02 4, 12, 16, 8, 5, 13
8_27_00 3, 11, 15, 7, 4, 12, 16, 8
2_26_06 2, 10
3_9_18 12, 4, 8
3_24_00 14, 6, 2
3_18_04 15, 7, 11
5_23_10 7, 15, 3, 11, 16
3_4_16 5, 13, 9
5_4_04 3, 11, 15, 7, 8
3_23_12 8, 16, 12
8_9_20 13, 5, 9, 1, 14, 6, 10, 2
7_26_06 6, 14, 2, 10, 3, 11, 15
3_27_06 6, 14, 10
3_15_02 5, 13, 9
8_4_20 11, 3, 7, 15, 12, 4, 8, 16
6_21_14 9, 1, 5, 13, 10, 2
7_22_20 12, 4, 8, 16, 9, 1, 5
4_28_12 9, 1, 5, 13
6_1_06 4, 12, 16, 8, 5, 13
1_25_16 11
2_14_06 3, 11
5_29_06 7, 15, 3, 11, 4
5_22_22 13, 5, 9, 1, 10
7_23_18 11, 3, 7, 15, 4, 12, 16
3_23_02 3, 11, 7
6_16_10 9, 1, 5, 13, 2, 10
5_28_22 14, 6, 10, 2, 3
3_11_06 6, 14, 10
4_29_16 12, 4, 8, 16
5_4_20 11, 3, 7, 15, 16
4_14_10 9, 1, 5, 13
6_5_04 4, 12, 16, 8, 5, 13
5_26_06 6, 14, 2, 10, 3
1_3_10 14
1_3_02 10
2_16_06 3, 11
8_20_04 3, 11, 15, 7, 4, 12, 16, 8
7_29_06 7, 15, 3, 11, 4, 12, 16
4_6_12 8, 16, 4, 12
7_14_12 10, 2, 6, 14, 3, 11, 15
3_1_22 12, 4, 8
2_30_00 16, 8
6_16_18 13, 5, 9, 1, 6, 14
2_5_12 8, 16
8_27_10 8, 16, 4, 12, 9, 1, 5, 13
3_12_20 9, 1, 13
6_4_22 12, 4, 8, 16, 9, 1
1_30_10 5
3_9_22 14, 6, 10
7_31_22 15, 7, 11, 3, 4, 12, 16
5_15_08 8, 16, 4, 12, 13
2_23_20 12, 4
1_15_10 1
2_31_18 13, 5
3_30_04 2, 10, 14
3_9_22 14, 6, 10
6_23_22 13, 5, 9, 1, 14, 6
3_21_12 8, 16, 4
5_5_06 5, 13, 1, 9, 6
8_10_20 13, 5, 9, 1, 14, 6, 10, 2
5_21_00 2, 10, 14, 6, 3
8_21_08 6, 14, 2, 10, 7, 15, 3, 11
7_22_12 8, 16, 4, 12, 5, 13, 1
4_13_06 7, 15, 3, 11
5_30_02 5, 13, 1, 9, 14
6_13_06 7, 15, 3, 11, 4, 12
4_9_00 3, 11, 15, 7
7_6_04 4, 12, 16, 8, 1, 9, 13
7_15_06 7, 15, 3, 11, 12, 4, 8
1_8_04 8
2_8_14 5, 13
3_2_20 7, 15, 3
1_6_10 3
1_3_04 11
5_23_14 9, 1, 5, 13, 2
6_13_20 14, 6, 10, 2, 11, 3
1_15_22 7
1_16_06 11
2_5_20 12, 4
8_30_00 4, 12, 16, 8, 1, 9, 13, 5
2_28_10 4, 12
3_9_10 8, 16, 4
8_24_18 11, 3, 7, 15, 12, 4, 8, 16
3_29_04 6, 14, 2
3_10_18 8, 16, 4
6_27_22 14, 6, 10, 2, 15, 7
3_23_10 7, 15, 11
5_22_04 4, 12, 16, 8, 1
4_20_14 8, 16, 4, 12
5_24_08 6, 14, 2, 10, 11
4_18_18 10, 2, 6, 14
2_25_18 12, 4
8_18_14 8, 16, 4, 12, 9, 1, 5, 13
5_14_22 15, 7, 11, 3, 8
6_22_12 8, 16, 4, 12, 5, 13
7_31_16 12, 4, 8, 16, 1, 9, 13
4_19_20 11, 3, 7, 15
2_19_20 11, 3
4_30_14 11, 3, 7, 15
4_3_04 3, 11, 15, 7
8_23_00 2, 10, 14, 6, 3, 11, 15, 7
1_19_14 16
7_2_16 9, 1, 5, 13, 6, 14, 2
5_2_16 9, 1, 5, 13, 6
5_8_10 7, 15, 3, 11, 12
7_28_10 8, 16, 4, 12, 13, 5, 9
6_25_00 3, 11, 15, 7, 4, 12
5_12_06 6, 14, 2, 10, 11
2_3_14 8, 16
8_2_08 5, 13, 1, 9, 6, 14, 2, 10
6_17_14 8, 16, 4, 12, 9, 1
4_1_20 11, 3, 7, 15
6_8_18 11, 3, 7, 15, 8, 16
7_20_18 10, 2, 6, 14, 15, 7, 11
7_3_12 7, 15, 3, 11, 16, 8, 12
8_5_02 3, 11, 15, 7, 4, 12, 16, 8
6_31_18 13, 5, 9, 1, 10, 2
5_11_02 4, 12, 16, 8, 13
3_22_18 7, 15, 3
5_7_22 13, 5, 9, 1, 6
6_29_22 15, 7, 11, 3, 12, 4
5_8_08 6, 14, 2, 10, 11
3_28_04 1, 9, 5
4_23_18 11, 3, 7, 15
5_6_18 11, 3, 7, 15, 8
2_3_14 8, 16
6_27_14 10, 2, 6, 14, 11, 3
8_31_20 14, 6, 10, 2, 11, 3, 7, 15
3_6_08 2, 10, 14
4_21_04 4, 12, 16, 8
5_14_04 6, 14, 2, 10, 15
4_27_10 8, 16, 4, 12
1_18_16 5
4_11_12 9, 1, 5, 13
4_29_10 9, 1, 5, 13
3_23_02 3, 11, 7
3_10_22 10, 2, 6
5_23_00 2, 10, 14, 6, 11
1_19_14 16
3_1_02 2, 10, 14
4_18_18 10, 2, 6, 14
5_28_20 13, 5, 9, 1, 2
2_4_16 5, 13
3_3_16 9, 1, 13
5_1_12 7, 15, 3, 11, 8
5_31_04 6, 14, 2, 10, 11
1_21_04 4
1_6_20 8
6_26_22 14, 6, 10, 2, 11, 3
7_19_00 1, 9, 13, 5, 10, 2, 6
4_12_02 4, 12, 16, 8
6_27_06 6, 14, 2, 10, 7, 15
2_4_08 1, 9
4_2_22 12, 4, 8, 16
1_21_04 4
4_6_00 2, 10, 14, 6
1_31_02 13
8_6_22 13, 5, 9, 1, 14, 6, 10, 2
6_14_22 15, 7, 11, 3, 8, 16
4_10_00 3, 11, 15, 7
5_14_20 14, 6, 10, 2, 7
5_25_10 8, 16, 4, 12, 9
7_25_20 13, 5, 9, 1, 14, 6, 10
4_18_10 6, 14, 2, 10
8_24_22 13, 5, 9, 1, 14, 6, 10, 2
4_3_08 5, 13, 1, 9
1_13_08 8
8_6_16 10, 2, 6, 14, 11, 3, 7, 15
4_23_14 9, 1, 5, 13
6_4_14 8, 16, 4, 12, 5, 13
7_9_14 10, 2, 6, 14, 11, 3, 7
1_3_04 11
6_21_16 10, 2, 6, 14, 11, 3
2_28_12 5, 13
3_23_22 13, 5, 1
2_9_04 5, 13
7_18_22 12, 4, 8, 16, 9, 1, 5
7_2_02 2, 10, 14, 6, 15, 7, 11
7_27_22 14, 6, 10, 2, 7, 15, 3
8_18_22 12, 4, 8, 16, 13, 5, 9, 1
2_21_14 9, 1
7_19_08 5, 13, 1, 9, 14, 6, 10
5_31_02 5, 13, 1, 9, 10
3_30_14 7, 15, 3
5_1_22 12, 4, 8, 16, 13
5_15_08 8, 16, 4, 12, 13
7_26_02 4, 12, 16, 8, 1, 9, 13
5_14_16 12, 4, 8, 16, 5
5_11_04 5, 13, 1, 9, 14
7_28_18 12, 4, 8, 16, 1, 9, 13
7_14_12 10, 2, 6, 14, 3, 11, 15
2_9_10 8, 16
4_19_22 12, 4, 8, 16
5_19_20 11, 3, 7, 15, 4
3_13_22 15, 7, 11
7_23_22 13, 5, 9, 1, 6, 14, 2
4_31_04 6, 14, 2, 10
2_16_06 3, 11
4_31_12 10, 2, 6, 14
5_26_16 11, 3, 7, 15, 8
7_10_18 12, 4, 8, 16, 9, 1, 5
8_4_10 6, 14, 2, 10, 7, 15, 3, 11
5_26_14 10, 2, 6, 14, 7
6_29_16 12, 4, 8, 16, 9, 1
6_5_20 12, 4, 8, 16, 13, 5
2_22_00 14, 6
2_7_12 8, 16
4_15_16 12, 4, 8, 16
7_27_16 11, 3, 7, 15, 4, 12, 16
4_14_12 10, 2, 6, 14
4_24_22 13, 5, 9, 1
8_17_14 8, 16, 4, 12, 9, 1, 5, 13
3_21_14 9, 1, 5
5_31_12 10, 2, 6, 14, 15
6_31_12 10, 2, 6, 14, 7, 15
2_16_04 2, 10
6_26_04 5, 13, 1, 9, 2, 10
2_11_12 9, 1
7_15_08 8, 16, 4, 12, 13, 5, 9
2_28_10 4, 12
5_25_04 5, 13, 1, 9, 6
2_23_04 4, 12
3_22_04 16, 8, 12
6_8_20 12, 4, 8, 16, 9, 1
5_27_20 13, 5, 9, 1, 6
6_1_02 2, 10, 14, 6, 3, 11
5_3_20 11, 3, 7, 15, 4
4_14_06 7, 15, 3, 11
1_10_12 5
6_10_02 4, 12, 16, 8, 1, 9
4_14_02 5, 13, 1, 9
8_28_22 14, 6, 10, 2, 15, 7, 11, 3
4_19_12 7, 15, 3, 11
6_13_14 11, 3, 7, 15, 8, 16
6_20_04 3, 11, 15, 7, 16, 8
8_7_02 3, 11, 15, 7, 4, 12, 16, 8
1_14_22 11
6_13_06 7, 15, 3, 11, 4, 12
8_13_12 10, 2, 6, 14, 7, 15, 3, 11
3_2_18 6, 14, 2
6_14_04 6, 14, 2, 10, 15, 7
3_30_02 1, 9, 13
2_14_04 2, 10
6_30_16 12, 4, 8, 16, 5, 13
5_12_18 12, 4, 8, 16, 1
7_25_04 5, 13, 1, 9, 6, 14, 2
3_17_22 12, 4, 8
6_27_20 13, 5, 9, 1, 14, 6
7_7_22 13, 5, 9, 1, 6, 14, 2
6_18_20 11, 3, 7, 15, 8, 16
3_28_04 1, 9, 5
3_20_16 5, 13, 9
1_5_22 13
3_21_18 11, 3, 7
2_1_08 5, 13
2_21_00 2, 10
6_11_22 14, 6, 10, 2, 15, 7
3_17_06 4, 12, 16
6_29_22 15, 7, 11, 3, 12, 4
2_15_16 12, 4
7_4_08 5, 13, 1, 9, 10, 2, 6
5_18_12 7, 15, 3, 11, 4
6_16_04 6, 14, 2, 10, 15, 7
1_18_06 16
7_22_16 10, 2, 6, 14, 7, 15, 3
7_16_08 8, 16, 4, 12, 9, 1, 5
1_26_08 3
5_28_02 4, 12, 16, 8, 9
4_23_20 12, 4, 8, 16
4_1_08 5, 13, 1, 9
7_1_20 11, 3, 7, 15, 12, 4, 8
1_14_10 5
4_11_18 12, 4, 8, 16
6_12_12 9, 1, 5, 13, 6, 14
8_19_02 2, 10, 14, 6, 3, 11, 15, 7
2_11_20 13, 5
5_23_20 12, 4, 8, 16, 5
1_22_04 16
3_22_22 9, 1, 5
8_21_16 10, 2, 6, 14, 11, 3, 7, 15
8_4_12 7, 15, 3, 11, 8, 16, 4, 12
4_21_06 5, 13, 1, 9
3_30_18 9, 1, 5
4_13_20 14, 6, 10, 2
3_15_10 9, 1, 13
6_15_10 9, 1, 5, 13, 6, 14
4_22_12 8, 16, 4, 12
7_24_16 10, 2, 6, 14, 15, 7, 11
1_20_12 11
3_2_10 2, 10, 14
1_28_00 7
1_23_02 11
2_23_08 6, 14
2_13_02 5, 13
7_11_06 6, 14, 2, 10, 15, 7, 11
1_25_16 11
3_26_00 15, 7, 11
8_16_12 10, 2, 6, 14, 7, 15, 3, 11
2_29_16 12, 4
1_5_20 12
3_14_10 5, 13, 1
4_27_16 11, 3, 7, 15
3_21_16 10, 2, 6
7_10_08 7, 15, 3, 11, 4, 12, 16
7_15_06 7, 15, 3, 11, 12, 4, 8
5_10_04 5, 13, 1, 9, 2
5_23_00 2, 10, 14, 6, 11
5_9_02 4, 12, 16, 8, 5
3_29_14 11, 3, 7
3_4_12 3, 11, 7
6_27_02 4, 12, 16, 8, 5, 13
4_8_10 7, 15, 3, 11
5_22_12 8, 16, 4, 12, 5
6_25_04 5, 13, 1, 9, 6, 14
3_5_18 11, 3, 7
8_23_16 10, 2, 6, 14, 11, 3, 7, 15
2_14_08 4, 12
4_26_14 10, 2, 6, 14
8_12_08 7, 15, 3, 11, 8, 16, 4, 12
7_9_02 4, 12, 16, 8, 5, 13, 1
7_18_10 6, 14, 2, 10, 3, 11, 15
2_29_22 15, 7
5_6_16 10, 2, 6, 14, 7
5_6_00 2, 10, 14, 6, 15
4_20_06 4, 12, 16, 8
1_28_10 12
2_26_16 7, 15
3_22_18 7, 15, 3
5_3_00 1, 9, 13, 5, 10
6_23_06 5, 13, 1, 9, 6, 14
5_7_02 3, 11, 15, 7, 12
1_11_12 1
3_23_08 6, 14, 10
7_7_22 13, 5, 9, 1, 6, 14, 2
3_18_12 3, 11, 15
2_19_22 12, 4
1_16_22 3
5_29_22 15, 7, 11, 3, 12
4_26_20 13, 5, 9, 1
3_11_10 8, 16, 12
1_29_10 9
7_24_14 9, 1, 5, 13, 14, 6, 10
8_20_00 1, 9, 13, 5, 2, 10, 14, 6
7_21_18 11, 3, 7, 15, 12, 4, 8
7_12_16 11, 3, 7, 15, 16, 8, 12
1_5_22 13
8_23_14 9, 1, 5, 13, 10, 2, 6, 14
1_9_02 4
2_7_10 7, 15
8_3_02 2, 10, 14, 6, 3, 11, 15, 7
7_30_04 6, 14, 2, 10, 15, 7, 11
6_16_04 6, 14, 2, 10, 15, 7
7_22_06 5, 13, 1, 9, 2, 10, 14
1_8_06 9
3_31_20 14, 6, 2
1_28_12 13
4_16_12 10, 2, 6, 14
1_20_10 10
8_22_12 8, 16, 4, 12, 9, 1, 5, 13
2_23_14 9, 1
6_11_22 14, 6, 10, 2, 15, 7
2_17_16 9, 1
4_11_00 3, 11, 15, 7
8_4_14 8, 16, 4, 12, 9, 1, 5, 13
6_29_00 4, 12, 16, 8, 1, 9
2_22_06 1, 9
8_29_10 9, 1, 5, 13, 6, 14, 2, 10
6_6_12 8, 16, 4, 12, 5, 13
2_13_10 9, 1
5_14_04 6, 14, 2, 10, 15
8_29_14 11, 3, 7, 15, 8, 16, 4, 12
3_21_08 6, 14, 2
8_7_02 3, 11, 15, 7, 4, 12, 16, 8
4_16_22 15, 7, 11, 3
5_5_10 7, 15, 3, 11, 8
8_4_12 7, 15, 3, 11, 8, 16, 4, 12
8_13_18 13, 5, 9, 1, 10, 2, 6, 14
4_29_06 7, 15, 3, 11
5_25_08 7, 15, 3, 11, 8
2_12_20 9, 1
2_24_10 3, 11
8_1_04 3, 11, 15, 7, 4, 12, 16, 8
2_21_06 5, 13
5_6_08 6, 14, 2, 10, 3
4_4_22 12, 4, 8, 16
4_16_22 15, 7, 11, 3
5_31_08 8, 16, 4, 12, 13
1_10_04 1
7_11_22 14, 6, 10, 2, 7, 15, 3
7_11_22 14, 6, 10, 2, 7, 15, 3
6_4_08 5, 13, 1, 9, 2, 10
5_31_00 4, 12, 16, 8, 9
1_19_08 13
7_21_12 8, 16, 4, 12, 9, 1, 5
5_22_10 7, 15, 3, 11, 4
7_19_14 8, 16, 4, 12, 1, 9, 13
2_9_00 3, 11
1_11_20 5
5_8_14 9, 1, 5, 13, 14
4_30_22 15, 7, 11, 3
6_31_08 8, 16, 4, 12, 5, 13
2_28_06 2, 10
4_21_12 8, 16, 4, 12
1_15_14 3
4_5_08 6, 14, 2, 10
2_6_20 8, 16
1_26_02 16
5_25_04 5, 13, 1, 9, 6
2_26_10 4, 12
3_5_08 6, 14, 2
8_8_14 9, 1, 5, 13, 10, 2, 6, 14
5_22_08 6, 14, 2, 10, 3
6_12_18 12, 4, 8, 16, 9, 1
3_23_16 10, 2, 14
3_5_12 8, 16, 4
4_16_16 12, 4, 8, 16
1_5_18 11
4_29_06 7, 15, 3, 11
1_28_00 7
8_16_08 8, 16, 4, 12, 5, 13, 1, 9
1_30_06 3
4_6_16 10, 2, 6, 14
8_7_04 4, 12, 16, 8, 5, 13, 1, 9
2_15_04 6, 14
8_24_08 6, 14, 2, 10, 7, 15, 3, 11
3_8_16 6, 14, 10
4_3_06 4, 12, 16, 8
1_17_08 5
5_20_20 11, 3, 7, 15, 16
1_23_18 3
2_13_18 13, 5
3_27_18 12, 4, 16
7_7_04 4, 12, 16, 8, 13, 5, 9
6_3_04 3, 11, 15, 7, 4, 12
2_25_00 3, 11
3_5_08 6, 14, 2
8_23_02 3, 11, 15, 7, 4, 12, 16, 8
1_9_00 3
3_14_16 8, 16, 4
4_15_18 13, 5, 9, 1
7_14_06 7, 15, 3, 11, 16, 8, 12
6_23_04 4, 12, 16, 8, 5, 13
2_20_14 4, 12
8_13_18 13, 5, 9, 1, 10, 2, 6, 14
1_25_04 5
2_10_04 1, 9
1_25_22 14
1_27_22 6
4_6_14 9, 1, 5, 13
8_24_06 5, 13, 1, 9, 6, 14, 2, 10
3_2_06 16, 8, 12
7_14_08 8, 16, 4, 12, 1, 9, 13
2_12_20 9, 1
6_1_08 5, 13, 1, 9, 6, 14
6_3_20 11, 3, 7, 15, 12, 4
1_6_22 9
8_26_12 9, 1, 5, 13, 10, 2, 6, 14
5_10_10 8, 16, 4, 12, 5
5_24_18 11, 3, 7, 15, 16
5_8_18 11, 3, 7, 15, 16
4_28_20 13, 5, 9, 1
2_4_10 2, 10
1_7_20 4
5_7_10 7, 15, 3, 11, 16
4_9_08 7, 15, 3, 11
3_30_00 16, 8, 12
8_30_10 9, 1, 5, 13, 6, 14, 2, 10
1_2_00 13
5_16_06 7, 15, 3, 11, 8
5_4_06 4, 12, 16, 8, 9
4_25_02 4, 12, 16, 8
2_22_12 4, 12
5_2_16 9, 1, 5, 13, 6
2_1_04 3, 11
5_13_00 4, 12, 16, 8, 1
7_19_04 3, 11, 15, 7, 12, 4, 8
4_19_08 5, 13, 1, 9
2_5_20 12, 4
1_3_20 3
8_31_10 9, 1, 5, 13, 6, 14, 2, 10
7_6_00 2, 10, 14, 6, 15, 7, 11
1_11_10 16
8_3_06 4, 12, 16, 8, 5, 13, 1, 9
4_10_04 5, 13, 1, 9
6_4_20 11, 3, 7, 15, 8, 16
5_2_04 3, 11, 15, 7, 16
6_11_12 9, 1, 5, 13, 10, 2
3_31_04 6, 14, 10
7_26_16 11, 3, 7, 15, 8, 16, 4
7_30_06 7, 15, 3, 11, 16, 8, 12
6_25_12 9, 1, 5, 13, 10, 2
2_1_20 11, 3
7_27_22 14, 6, 10, 2, 7, 15, 3
2_19_00 1, 9
1_18_20 7
2_27_06 6, 14
4_31_20 14, 6, 10, 2
8_27_10 8, 16, 4, 12, 9, 1, 5, 13
3_2_16 5, 13, 1
6_18_14 8, 16, 4, 12, 5, 13
6_27_14 10, 2, 6, 14, 11, 3
2_29_02 5, 13
7_22_04 4, 12, 16, 8, 1, 9, 13
6_8_14 9, 1, 5, 13, 6, 14
4_15_02 5, 13, 1, 9
2_28_04 1, 9
2_5_10 7, 15
7_31_08 8, 16, 4, 12, 13, 5, 9
7_4_02 2, 10, 14, 6, 7, 15, 3
3_14_00 16, 8, 12
3_25_16 11, 3, 7
3_11_00 3, 11, 7
2_12_20 9, 1
8_24_16 10, 2, 6, 14, 11, 3, 7, 15
8_24_12 8, 16, 4, 12, 9, 1, 5, 13
7_17_22 12, 4, 8, 16, 13, 5, 9
6_27_10 8, 16, 4, 12, 9, 1
7_29_06 7, 15, 3, 11, 4, 12, 16
4_13_22 15, 7, 11, 3
8_22_16 10, 2, 6, 14, 11, 3, 7, 15
4_21_02 3, 11, 15, 7
7_1_18 10, 2, 6, 14, 11, 3, 7
6_20_16 9, 1, 5, 13, 6, 14
2_26_10 4, 12
5_19_08 5, 13, 1, 9, 14
7_27_02 4, 12, 16, 8, 13, 5, 9
3_18_12 3, 11, 15
6_31_08 8, 16, 4, 12, 5, 13
3_7_04 4, 12, 8
4_8_20 12, 4, 8, 16
4_26_00 3, 11, 15, 7
8_11_04 5, 13, 1, 9, 6, 14, 2, 10
1_18_20 7
7_17_20 11, 3, 7, 15, 12, 4, 8
5_6_08 6, 14, 2, 10, 3
5_25_12 9, 1, 5, 13, 10
4_16_08 8, 16, 4, 12
7_9_22 14, 6, 10, 2, 15, 7, 11
3_3_00 1, 9, 5
2_26_02 16, 8
8_26_10 8, 16, 4, 12, 9, 1, 5, 13
6_11_22 14, 6, 10, 2, 15, 7
4_30_08 8, 16, 4, 12
1_28_00 7
3_19_00 1, 9, 5
5_23_00 2, 10, 14, 6, 11
3_13_14 11, 3, 7
7_25_08 7, 15, 3, 11, 8, 16, 4
1_26_20 9
8_27_00 3, 11, 15, 7, 4, 12, 16, 8
1_26_16 7
6_19_16 9, 1, 5, 13, 10, 2
2_5_16 10, 2
6_20_00 1, 9, 13, 5, 14, 6
7_25_20 13, 5, 9, 1, 14, 6, 10
1_8_14 13
1_19_12 15
2_9_22 14, 6
2_15_10 9, 1
8_11_18 12, 4, 8, 16, 13, 5, 9, 1
8_12_20 13, 5, 9, 1, 14, 6, 10, 2
1_26_16 7
5_5_18 11, 3, 7, 15, 12
4_14_20 14, 6, 10, 2
3_9_12 9, 1, 5
3_21_00 2, 10, 14
1_31_22 7
6_7_06 5, 13, 1, 9, 6, 14
8_3_06 4, 12, 16, 8, 5, 13, 1, 9
6_16_00 4, 12, 16, 8, 13, 5
6_17_22 12, 4, 8, 16, 13, 5
4_4_04 3, 11, 15, 7
3_27_10 8, 16, 12
5_25_06 6, 14, 2, 10, 7
3_9_20 13, 5, 9
8_17_00 1, 9, 13, 5, 2, 10, 14, 6
3_15_20 14, 6, 2
8_10_06 6, 14, 2, 10, 7, 15, 3, 11
8_8_22 13, 5, 9, 1, 14, 6, 10, 2
5_27_12 9, 1, 5, 13, 2
7_2_22 12, 4, 8, 16, 9, 1, 5
8_31_22 15, 7, 11, 3, 12, 4, 8, 16
3_24_06 1, 9, 5
4_8_20 12, 4, 8, 16
1_27_12 1
3_5_10 7, 15, 3
8_8_18 11, 3, 7, 15, 12, 4, 8, 16
8_21_20 12, 4, 8, 16, 13, 5, 9, 1
7_11_04 5, 13, 1, 9, 14, 6, 10
2_15_12 10, 2
1_10_04 1
5_21_18 11, 3, 7, 15, 12
2_15_04 6, 14
8_28_00 3, 11, 15, 7, 4, 12, 16, 8
1_31_02 13
1_22_10 3
5_21_06 5, 13, 1, 9, 6
1_9_12 9
1_11_04 13
3_10_10 4, 12, 16
3_5_08 6, 14, 2
8_5_10 7, 15, 3, 11, 8, 16, 4, 12
8_3_04 3, 11, 15, 7, 4, 12, 16, 8
7_28_18 12, 4, 8, 16, 1, 9, 13
4_7_12 8, 16, 4, 12
7_2_00 1, 9, 13, 5, 14, 6, 10
6_31_10 9, 1, 5, 13, 6, 14
3_30_22 11, 3, 7
7_19_12 7, 15, 3, 11, 16, 8, 12
6_2_06 4, 12, 16, 8, 1, 9
2_27_10 8, 16
8_19_08 5, 13, 1, 9, 6, 14, 2, 10
7_25_00 3, 11, 15, 7, 4, 12, 16
3_26_08 3, 11, 15
6_1_14 8, 16, 4, 12, 9, 1
6_13_04 6, 14, 2, 10, 3, 11
1_12_16 15
3_29_10 9, 1, 5
2_26_20 9, 1
8_18_22 12, 4, 8, 16, 13, 5, 9, 1
8_21_22 13, 5, 9, 1, 14, 6, 10, 2
8_3_04 3, 11, 15, 7, 4, 12, 16, 8
7_10_04 5, 13, 1, 9, 2, 10, 14
7_18_12 7, 15, 3, 11, 4, 12, 16
6_31_18 13, 5, 9, 1, 10, 2
7_17_04 3, 11, 15, 7, 4, 12, 16
1_11_22 6
3_3_20 11, 3, 15
2_18_04 15, 7
2_22_22 9, 1
8_22_06 5, 13, 1, 9, 6, 14, 2, 10
1_7_06 13
2_8_12 4, 12
3_11_04 5, 13, 9
4_7_02 3, 11, 15, 7
2_2_02 14, 6
6_1_22 12, 4, 8, 16, 13, 5
3_21_22 13, 5, 9
3_15_06 7, 15, 11
6_25_18 12, 4, 8, 16, 13, 5
1_19_00 9
4_17_22 12, 4, 8, 16
1_1_08 5
6_9_02 4, 12, 16, 8, 5, 13
6_1_08 5, 13, 1, 9, 6, 14
1_20_16 13
1_21_12 8
4_13_06 7, 15, 3, 11
6_24_02 3, 11, 15, 7, 16, 8
3_5_08 6, 14, 2
2_3_14 8, 16
1_3_22 4
7_19_14 8, 16, 4, 12, 1, 9, 13
5_12_08 7, 15, 3, 11, 12
2_11_00 3, 11
8_22_00 2, 10, 14, 6, 3, 11, 15, 7
4_20_18 10, 2, 6, 14
6_17_00 1, 9, 13, 5, 2, 10
4_6_14 9, 1, 5, 13
3_20_16 5, 13, 9
1_21_06 5
1_4_18 14
6_13_14 11, 3, 7, 15, 8, 16
8_10_06 6, 14, 2, 10, 7, 15, 3, 11
1_6_10 3
1_7_14 1
1_15_18 5
6_1_22 12, 4, 8, 16, 13, 5
4_22_12 8, 16, 4, 12
5_23_06 5, 13, 1, 9, 14
3_7_02 3, 11, 7
3_2_18 6, 14, 2
4_26_20 13, 5, 9, 1
2_22_08 2, 10
8_4_04 3, 11, 15, 7, 4, 12, 16, 8
7_24_14 9, 1, 5, 13, 14, 6, 10
6_12_04 5, 13, 1, 9, 2, 10
5_12_10 8, 16, 4, 12, 13
5_6_02 3, 11, 15, 7, 16
2_8_00 14, 6
7_23_12 8, 16, 4, 12, 1, 9, 13
4_24_16 10, 2, 6, 14
3_17_02 2, 10, 14
1_5_22 13
8_22_00 2, 10, 14, 6, 3, 11, 15, 7
4_17_14 8, 16, 4, 12
1_21_22 13
3_24_08 2, 10, 6
7_1_04 3, 11, 15, 7, 4, 12, 16
5_22_02 3, 11, 15, 7, 16
7_17_04 3, 11, 15, 7, 4, 12, 16
6_1_12 7, 15, 3, 11, 8, 16
1_17_14 8
5_14_08 8, 16, 4, 12, 1
7_5_10 7, 15, 3, 11, 8, 16, 4
2_15_16 12, 4
1_20_18 14
1_20_22 16
5_13_02 5, 13, 1, 9, 2
2_29_14 11, 3
6_22_06 5, 13, 1, 9, 2, 10
8_9_16 11, 3, 7, 15, 12, 4, 8, 16
1_6_16 6
1_10_04 1
3_1_16 9, 1, 5
2_16_00 16, 8
4_27_16 11, 3, 7, 15
8_6_12 8, 16, 4, 12, 9, 1, 5, 13
5_27_04 5, 13, 1, 9, 14
8_7_14 9, 1, 5, 13, 10, 2, 6, 14
8_3_14 8, 16, 4, 12, 9, 1, 5, 13
8_7_04 4, 12, 16, 8, 5, 13, 1, 9
5_17_06 4, 12, 16, 8, 5
4_23_14 9, 1, 5, 13
4_20_20 11, 3, 7, 15
1_14_14 7
3_29_04 6, 14, 2
5_2_00 1, 9, 13, 5, 14
2_9_04 5, 13
5_2_20 11, 3, 7, 15, 8
8_23_18 11, 3, 7, 15, 12, 4, 8, 16
3_6_14 5, 13, 1
5_21_12 8, 16, 4, 12, 9
7_5_22 13, 5, 9, 1, 14, 6, 10
7_27_02 4, 12, 16, 8, 13, 5, 9
3_23_14 9, 1, 13
5_9_12 9, 1, 5, 13, 10
1_12_18 16
8_25_20 13, 5, 9, 1, 14, 6, 10, 2
7_11_08 7, 15, 3, 11, 16, 8, 12
5_27_12 9, 1, 5, 13, 2
7_10_00 3, 11, 15, 7, 16, 8, 12
3_10_10 4, 12, 16
1_31_08 16
4_8_16 10, 2, 6, 14
4_10_06 6, 14, 2, 10
8_25_02 4, 12, 16, 8, 5, 13, 1, 9
3_5_10 7, 15, 3
1_13_10 9
7_14_20 14, 6, 10, 2, 7, 15, 3
1_7_06 13
8_5_18 11, 3, 7, 15, 12, 4, 8, 16
7_24_04 4, 12, 16, 8, 9, 1, 5
1_24_16 14
7_27_06 6, 14, 2, 10, 15, 7, 11
5_11_06 6, 14, 2, 10, 15
6_26_22 14, 6, 10, 2, 11, 3
2_10_16 7, 15
8_6_12 8, 16, 4, 12, 9, 1, 5, 13
4_3_06 4, 12, 16, 8
4_22_18 11, 3, 7, 15
3_17_06 4, 12, 16
8_20_12 7, 15, 3, 11, 8, 16, 4, 12
4_18_10 6, 14, 2, 10
8_12_00 3, 11, 15, 7, 4, 12, 16, 8
8_7_02 3, 11, 15, 7, 4, 12, 16, 8
3_5_20 12, 4, 8
7_28_22 14, 6, 10, 2, 3, 11, 15
8_29_00 4, 12, 16, 8, 1, 9, 13, 5
4_28_18 12, 4, 8, 16
7_27_06 6, 14, 2, 10, 15, 7, 11
7_18_18 10, 2, 6, 14, 7, 15, 3
7_19_22 12, 4, 8, 16, 5, 13, 1
2_15_06 7, 15
6_21_14 9, 1, 5, 13, 10, 2
6_30_14 11, 3, 7, 15, 4, 12
6_12_18 12, 4, 8, 16, 9, 1
1_9_00 3
7_26_10 8, 16, 4, 12, 5, 13, 1
7_14_16 12, 4, 8, 16, 5, 13, 1
3_29_04 6, 14, 2
6_10_22 14, 6, 10, 2, 11, 3
7_2_04 3, 11, 15, 7, 16, 8, 12
4_15_22 15, 7, 11, 3
8_12_10 8, 16, 4, 12, 9, 1, 5, 13
2_9_10 8, 16
2_11_00 3, 11
6_5_12 8, 16, 4, 12, 9, 1
4_7_16 10, 2, 6, 14
5_23_14 9, 1, 5, 13, 2
4_26_06 6, 14, 2, 10
8_25_08 7, 15, 3, 11, 8, 16, 4, 12
4_16_18 13, 5, 9, 1
6_22_22 13, 5, 9, 1, 10, 2
5_23_10 7, 15, 3, 11, 16
6_19_22 12, 4, 8, 16, 13, 5
5_5_14 9, 1, 5, 13, 10
1_5_00 2
6_15_14 11, 3, 7, 15, 8, 16
5_14_06 7, 15, 3, 11, 16
3_5_02 3, 11, 15
6_11_06 6, 14, 2, 10, 7, 15
6_3_06 4, 12, 16, 8, 5, 13
2_5_02 3, 11
4_16_12 10, 2, 6, 14
7_28_14 10, 2, 6, 14, 15, 7, 11
8_27_06 6, 14, 2, 10, 7, 15, 3, 11
6_2_16 9, 1, 5, 13, 6, 14
7_17_00 1, 9, 13, 5, 2, 10, 14
8_20_10 6, 14, 2, 10, 7, 15, 3, 11
1_23_04 12
4_15_12 10, 2, 6, 14
6_22_22 13, 5, 9, 1, 10, 2
8_14_14 11, 3, 7, 15, 8, 16, 4, 12
4_8_20 12, 4, 8, 16
3_11_06 6, 14, 10
8_30_18 13, 5, 9, 1, 10, 2, 6, 14
1_20_10 10
2_3_06 4, 12
4_22_08 6, 14, 2, 10
1_21_02 3
4_8_16 10, 2, 6, 14
1_25_14 10
5_16_02 5, 13, 1, 9, 6
7_8_02 3, 11, 15, 7, 8, 16, 4
7_5_20 12, 4, 8, 16, 13, 5, 9
5_1_10 6, 14, 2, 10, 7
5_20_18 10, 2, 6, 14, 15
3_1_18 10, 2, 6
5_5_08 6, 14, 2, 10, 7
5_19_00 1, 9, 13, 5, 10
2_25_14 10, 2
5_7_08 6, 14, 2, 10, 15
1_19_14 16
8_26_06 6, 14, 2, 10, 7, 15, 3, 11
1_9_00 3
2_8_04 16, 8
2_27_18 12, 4
8_28_04 5, 13, 1, 9, 6, 14, 2, 10
1_3_08 13
5_29_06 7, 15, 3, 11, 4
1_27_02 12
7_19_20 11, 3, 7, 15, 4, 12, 16
2_18_04 15, 7
1_18_22 8
5_17_02 2, 10, 14, 6, 3
8_9_22 14, 6, 10, 2, 15, 7, 11, 3
3_8_20 8, 16, 12
7_15_04 6, 14, 2, 10, 11, 3, 7
4_22_22 13, 5, 9, 1
7_16_08 8, 16, 4, 12, 9, 1, 5
8_24_20 12, 4, 8, 16, 13, 5, 9, 1
1_24_12 12
6_6_14 9, 1, 5, 13, 6, 14
7_2_00 1, 9, 13, 5, 14, 6, 10
4_24_06 5, 13, 1, 9
2_20_04 15, 7
4_11_10 8, 16, 4, 12
1_1_12 7
5_16_18 13, 5, 9, 1, 14
7_28_16 11, 3, 7, 15, 16, 8, 12
8_21_18 11, 3, 7, 15, 12, 4, 8, 16
6_22_12 8, 16, 4, 12, 5, 13
8_15_06 7, 15, 3, 11, 4, 12, 16, 8
2_1_16 9, 1
1_8_22 1
6_19_10 6, 14, 2, 10, 7, 15
3_26_16 7, 15, 3
8_2_12 7, 15, 3, 11, 8, 16, 4, 12
1_1_08 5
3_4_16 5, 13, 9
1_15_12 2
7_11_06 6, 14, 2, 10, 15, 7, 11
5_13_10 9, 1, 5, 13, 6
1_23_18 3
7_11_08 7, 15, 3, 11, 16, 8, 12
2_25_06 6, 14
4_4_22 12, 4, 8, 16
7_9_12 9, 1, 5, 13, 10, 2, 6
5_7_22 13, 5, 9, 1, 6
3_13_02 5, 13, 1
5_27_10 8, 16, 4, 12, 1
5_24_06 5, 13, 1, 9, 10
6_29_18 13, 5, 9, 1, 10, 2
3_22_20 8, 16, 4
1_25_06 6
8_23_06 5, 13, 1, 9, 6, 14, 2, 10
2_22_18 7, 15
5_4_12 7, 15, 3, 11, 12
3_9_22 14, 6, 10
6_19_20 11, 3, 7, 15, 12, 4
6_30_12 10, 2, 6, 14, 3, 11
7_14_08 8, 16, 4, 12, 1, 9, 13
5_11_18 12, 4, 8, 16, 5
7_5_00 2, 10, 14, 6, 3, 11, 15
2_27_10 8, 16
1_24_08 10
1_25_12 9
1_24_04 8
6_25_14 10, 2, 6, 14, 11, 3
6_25_10 8, 16, 4, 12, 9, 1
7_15_22 15, 7, 11, 3, 4, 12, 16
5_20_04 3, 11, 15, 7, 8
4_21_20 12, 4, 8, 16
5_18_06 4, 12, 16, 8, 1
8_16_14 11, 3, 7, 15, 8, 16, 4, 12
8_20_14 8, 16, 4, 12, 9, 1, 5, 13
2_10_14 6, 14
5_4_20 11, 3, 7, 15, 16
4_19_04 3, 11, 15, 7
2_13_18 13, 5
3_7_06 5, 13, 9
8_31_04 6, 14, 2, 10, 3, 11, 15, 7
1_6_08 2
1_11_02 12
4_21_22 13, 5, 9, 1
1_17_06 4
5_1_14 8, 16, 4, 12, 9
7_14_18 13, 5, 9, 1, 6, 14, 2
7_4_06 4, 12, 16, 8, 9, 1, 5
3_26_12 5, 13, 1
3_6_14 5, 13, 1
3_19_18 10, 2, 14
5_13_12 10, 2, 6, 14, 7
7_4_14 8, 16, 4, 12, 13, 5, 9
5_25_22 14, 6, 10, 2, 15
8_1_14 8, 16, 4, 12, 9, 1, 5, 13
5_14_08 8, 16, 4, 12, 1
3_11_16 11, 3, 15
7_16_14 11, 3, 7, 15, 12, 4, 8
6_3_22 12, 4, 8, 16, 13, 5
3_16_16 8, 16, 12
7_3_02 2, 10, 14, 6, 11, 3, 7
7_1_08 5, 13, 1, 9, 6, 14, 2
5_14_06 7, 15, 3, 11, 16
4_20_14 8, 16, 4, 12
1_26_06 2
7_9_16 11, 3, 7, 15, 12, 4, 8
7_10_00 3, 11, 15, 7, 16, 8, 12
3_30_20 10, 2, 6
2_17_22 12, 4
6_8_10 7, 15, 3, 11, 4, 12
6_6_20 12, 4, 8, 16, 9, 1
1_30_02 1
8_8_02 3, 11, 15, 7, 4, 12, 16, 8
7_27_02 4, 12, 16, 8, 13, 5, 9
6_25_06 6, 14, 2, 10, 7, 15
2_4_18 6, 14
7_9_14 10, 2, 6, 14, 11, 3, 7
3_17_12 7, 15, 3
8_24_12 8, 16, 4, 12, 9, 1, 5, 13
4_15_12 10, 2, 6, 14
4_4_00 1, 9, 13, 5
1_6_20 8
6_21_18 11, 3, 7, 15, 12, 4
5_4_14 8, 16, 4, 12, 13
7_28_16 11, 3, 7, 15, 16, 8, 12
5_9_08 7, 15, 3, 11, 8
5_31_20 14, 6, 10, 2, 3
1_5_18 11
3_11_08 7, 15, 11
8_11_14 10, 2, 6, 14, 11, 3, 7, 15
6_21_08 6, 14, 2, 10, 7, 15
8_14_06 7, 15, 3, 11, 4, 12, 16, 8
7_15_04 6, 14, 2, 10, 11, 3, 7
3_22_12 4, 12, 16
4_15_06 7, 15, 3, 11
4_13_08 8, 16, 4, 12
8_6_22 13, 5, 9, 1, 14, 6, 10, 2
2_14_16 8, 16
1_2_06 16
1_8_22 1
6_18_14 8, 16, 4, 12, 5, 13
1_6_04 16
3_1_02 2, 10, 14
4_18_20 11, 3, 7, 15
6_6_14 9, 1, 5, 13, 6, 14
2_23_04 4, 12
6_28_04 5, 13, 1, 9, 2, 10
7_13_20 14, 6, 10, 2, 11, 3, 7
7_30_18 13, 5, 9, 1, 6, 14, 2
6_17_02 2, 10, 14, 6, 3, 11
5_9_10 8, 16, 4, 12, 9
1_9_08 7
2_31_00 4,12
4_29_18 13, 5, 9, 1
1_24_06 9
1_12_10 12
2_1_18 10, 2
2_20_22 8, 16
5_13_06 7, 15, 3, 11, 4
7_30_14 11, 3, 7, 15, 4, 12, 16
6_10_04 5, 13, 1, 9, 2, 10
2_2_00 13, 5
2_3_04 3, 11
8_25_16 11, 3, 7, 15, 12, 4, 8, 16
4_7_16 10, 2, 6, 14
3_30_06 3, 11, 15
8_19_18 10, 2, 6, 14, 11, 3, 7, 15
7_18_14 8, 16, 4, 12, 5, 13, 1
3_16_02 1, 9, 5
2_30_06 3, 11
2_24_06 1, 9
4_21_06 5, 13, 1, 9
5_18_04 3, 11, 15, 7, 16
3_10_06 2, 10, 14
8_15_18 13, 5, 9, 1, 10, 2, 6, 14
7_26_04 5, 13, 1, 9, 2, 10, 14
8_6_20 12, 4, 8, 16, 13, 5, 9, 1
8_17_14 8, 16, 4, 12, 9, 1, 5, 13
7_15_16 12, 4, 8, 16, 1, 9, 13
1_13_00 4
2_7_22 13, 5
6_23_08 6, 14, 2, 10, 7, 15
8_21_02 3, 11, 15, 7, 4, 12, 16, 8
6_5_08 6, 14, 2, 10, 7, 15
7_28_10 8, 16, 4, 12, 13, 5, 9
4_8_04 4, 12, 16, 8
7_17_02 2, 10, 14, 6, 3, 11, 15
2_18_20 7, 15
2_29_20 14, 6
5_12_02 4, 12, 16, 8, 9
8_18_12 7, 15, 3, 11, 8, 16, 4, 12
1_24_06 9
8_10_18 12, 4, 8, 16, 13, 5, 9, 1
8_9_00 3, 11, 15, 7, 4, 12, 16, 8
5_22_20 12, 4, 8, 16, 9
8_24_14 9, 1, 5, 13, 10, 2, 6, 14
3_23_04 4, 12, 8
3_18_10 2, 10, 14