8_14_02 5, 13, 1, 9, 2, 10, 14, 6
5_26_16 11, 3, 7, 15, 8
8_21_00 2, 10, 14, 6, 3, 11, 15, 7
5_7_18 11, 3, 7, 15, 4
1_23_18 3
1_29_04 6
3_19_16 9, 1, 13
5_17_20 11, 3, 7, 15, 12
6_7_14 9, 1, 5, 13, 10, 2
3_27_12 9, 1, 13
1_10_12 5
3_15_22 15, 7, 3
6_12_12 9, 1, 5, 13, 6, 14
2_5_22 13, 5
5_1_08 5, 13, 1, 9, 6
7_23_02 3, 11, 15, 7, 12, 4, 8
6_14_14 11, 3, 7, 15, 4, 12
4_23_08 6, 14, 2, 10
8_19_20 11, 3, 7, 15, 12, 4, 8, 16
4_3_02 2, 10, 14, 6
6_7_22 13, 5, 9, 1, 14, 6
1_12_04 9
8_26_16 11, 3, 7, 15, 12, 4, 8, 16
4_31_16 12, 4, 8, 16
6_30_12 10, 2, 6, 14, 3, 11
2_14_20 10, 2
6_20_08 5, 13, 1, 9, 2, 10
8_1_04 3, 11, 15, 7, 4, 12, 16, 8
3_17_18 10, 2, 6
2_19_02 2, 10
8_31_08 8, 16, 4, 12, 5, 13, 1, 9
1_7_02 11
2_5_00 2, 10
6_25_12 9, 1, 5, 13, 10, 2
7_8_14 9, 1, 5, 13, 14, 6, 10
8_9_08 7, 15, 3, 11, 8, 16, 4, 12
4_4_10 6, 14, 2, 10
6_30_16 12, 4, 8, 16, 5, 13
1_9_14 10
5_15_10 9, 1, 5, 13, 14
5_22_04 4, 12, 16, 8, 1
6_28_16 11, 3, 7, 15, 8, 16
8_15_02 5, 13, 1, 9, 2, 10, 14, 6
8_6_10 7, 15, 3, 11, 8, 16, 4, 12
2_15_14 11, 3
7_25_14 10, 2, 6, 14, 11, 3, 7
4_25_18 12, 4, 8, 16
3_14_00 16, 8, 12
6_19_02 2, 10, 14, 6, 3, 11
6_2_10 6, 14, 2, 10, 3, 11
3_13_06 7, 15, 3
3_19_20 11, 3, 15
2_10_00 15, 7
8_26_12 9, 1, 5, 13, 10, 2, 6, 14
4_15_14 11, 3, 7, 15
5_13_20 14, 6, 10, 2, 11
2_8_20 8, 16
6_18_08 5, 13, 1, 9, 2, 10
7_18_18 10, 2, 6, 14, 7, 15, 3
6_24_04 4, 12, 16, 8, 1, 9
7_20_18 10, 2, 6, 14, 15, 7, 11
4_7_10 7, 15, 3, 11
8_1_02 2, 10, 14, 6, 3, 11, 15, 7
4_24_20 12, 4, 8, 16
7_17_18 10, 2, 6, 14, 11, 3, 7
6_15_10 9, 1, 5, 13, 6, 14
4_17_22 12, 4, 8, 16
3_28_02 16, 8, 4
4_12_18 12, 4, 8, 16
8_23_14 9, 1, 5, 13, 10, 2, 6, 14
5_18_04 3, 11, 15, 7, 16
4_16_22 15, 7, 11, 3
3_23_06 5, 13, 9
2_11_10 8, 16
7_13_06 7, 15, 3, 11, 4, 12, 16
6_18_10 6, 14, 2, 10, 3, 11
6_25_10 8, 16, 4, 12, 9, 1
8_16_00 4, 12, 16, 8, 1, 9, 13, 5
3_24_22 9, 1, 13
6_20_16 9, 1, 5, 13, 6, 14
1_11_12 1
7_9_16 11, 3, 7, 15, 12, 4, 8
8_29_20 14, 6, 10, 2, 11, 3, 7, 15
1_13_00 4
8_19_22 12, 4, 8, 16, 13, 5, 9, 1
5_7_10 7, 15, 3, 11, 16
2_27_02 4, 12
2_22_16 6, 14
4_30_06 7, 15, 3, 11
5_20_18 10, 2, 6, 14, 15
1_16_20 2
4_20_06 4, 12, 16, 8
5_11_04 5, 13, 1, 9, 14
8_23_00 2, 10, 14, 6, 3, 11, 15, 7
6_12_16 11, 3, 7, 15, 8, 16
6_28_08 7, 15, 3, 11, 4, 12
3_18_04 15, 7, 11
1_7_10 15
3_6_20 8, 16, 4
4_30_10 9, 1, 5, 13
5_27_06 6, 14, 2, 10, 15
8_28_02 4, 12, 16, 8, 5, 13, 1, 9
8_19_06 4, 12, 16, 8, 5, 13, 1, 9
5_14_18 13, 5, 9, 1, 6
1_5_02 3
5_25_14 10, 2, 6, 14, 11
7_16_12 10, 2, 6, 14, 11, 3, 7
4_4_16 9, 1, 5, 13
7_30_22 15, 7, 11, 3, 8, 16, 4
7_5_08 6, 14, 2, 10, 7, 15, 3
7_24_06 5, 13, 1, 9, 10, 2, 6
5_29_10 9, 1, 5, 13, 6
8_14_14 11, 3, 7, 15, 8, 16, 4, 12
2_6_10 3, 11
6_1_12 7, 15, 3, 11, 8, 16
6_14_00 4, 12, 16, 8, 13, 5
7_9_00 3, 11, 15, 7, 4, 12, 16
5_25_22 14, 6, 10, 2, 15
4_27_20 13, 5, 9, 1
4_9_02 4, 12, 16, 8
5_23_10 7, 15, 3, 11, 16
3_2_00 13, 5, 9
2_22_00 14, 6
6_20_18 10, 2, 6, 14, 7, 15
1_24_00 6
3_21_04 4, 12, 16
3_11_18 12, 4, 16
1_10_14 6
7_20_22 12, 4, 8, 16, 1, 9, 13
7_18_18 10, 2, 6, 14, 7, 15, 3
1_7_14 1
7_6_18 11, 3, 7, 15, 8, 16, 4
5_12_20 13, 5, 9, 1, 2
7_17_06 4, 12, 16, 8, 5, 13, 1
2_23_20 12, 4
8_20_16 9, 1, 5, 13, 10, 2, 6, 14
1_8_16 14
6_4_04 3, 11, 15, 7, 16, 8
8_8_10 7, 15, 3, 11, 8, 16, 4, 12
3_7_10 7, 15, 11
3_30_14 7, 15, 3
6_21_02 3, 11, 15, 7, 4, 12
6_29_12 10, 2, 6, 14, 7, 15
7_16_08 8, 16, 4, 12, 9, 1, 5
7_4_16 9, 1, 5, 13, 14, 6, 10
4_27_14 10, 2, 6, 14
4_24_20 12, 4, 8, 16
7_18_04 3, 11, 15, 7, 16, 8, 12
7_16_20 14, 6, 10, 2, 15, 7, 11
3_1_20 11, 3, 7
6_23_14 9, 1, 5, 13, 10, 2
5_5_06 5, 13, 1, 9, 6
6_25_22 14, 6, 10, 2, 15, 7
2_12_02 16, 8
5_10_14 10, 2, 6, 14, 7
4_1_12 7, 15, 3, 11
7_18_10 6, 14, 2, 10, 3, 11, 15
1_1_22 12
6_29_14 11, 3, 7, 15, 8, 16
7_24_18 11, 3, 7, 15, 16, 8, 12
2_6_18 7, 15
7_21_12 8, 16, 4, 12, 9, 1, 5
2_17_18 10, 2
5_16_06 7, 15, 3, 11, 8
1_30_14 7
2_1_12 7, 15
8_12_10 8, 16, 4, 12, 9, 1, 5, 13
6_6_06 5, 13, 1, 9, 2, 10
5_14_18 13, 5, 9, 1, 6
4_13_18 13, 5, 9, 1
4_18_02 2, 10, 14, 6
2_22_20 8, 16
7_18_10 6, 14, 2, 10, 3, 11, 15
1_31_10 1
4_20_18 10, 2, 6, 14
1_15_00 12
3_6_06 1, 9, 13
6_29_18 13, 5, 9, 1, 10, 2
7_16_06 7, 15, 3, 11, 8, 16, 4
4_22_08 6, 14, 2, 10
4_29_14 11, 3, 7, 15
1_10_18 8
2_13_10 9, 1
4_27_02 4, 12, 16, 8
5_8_22 13, 5, 9, 1, 2
4_9_20 13, 5, 9, 1
4_3_02 2, 10, 14, 6
1_18_14 4
1_25_16 11
1_8_04 8
7_3_12 7, 15, 3, 11, 16, 8, 12
7_11_08 7, 15, 3, 11, 16, 8, 12
6_17_22 12, 4, 8, 16, 13, 5
6_7_22 13, 5, 9, 1, 14, 6
8_20_02 2, 10, 14, 6, 3, 11, 15, 7
1_19_10 14
7_1_10 6, 14, 2, 10, 7, 15, 3
5_23_20 12, 4, 8, 16, 5
6_8_14 9, 1, 5, 13, 6, 14
2_23_08 6, 14
8_13_08 8, 16, 4, 12, 5, 13, 1, 9
6_18_00 1, 9, 13, 5, 14, 6
3_17_16 9, 1, 5
8_15_16 12, 4, 8, 16, 9, 1, 5, 13
4_22_10 7, 15, 3, 11
5_30_08 8, 16, 4, 12, 1
6_6_22 13, 5, 9, 1, 10, 2
8_12_18 12, 4, 8, 16, 13, 5, 9, 1
8_2_10 6, 14, 2, 10, 7, 15, 3, 11
2_6_06 1, 9
4_31_16 12, 4, 8, 16
5_19_02 2, 10, 14, 6, 11
5_11_08 7, 15, 3, 11, 16
2_19_06 4, 12
3_31_00 4,12, 8
3_30_18 9, 1, 5
7_10_20 13, 5, 9, 1, 10, 2, 6
4_9_20 13, 5, 9, 1
5_15_22 15, 7, 11, 3, 4
6_14_22 15, 7, 11, 3, 8, 16
4_30_02 5, 13, 1, 9
3_14_00 16, 8, 12
2_31_14 11, 3
3_29_10 9, 1, 5
6_17_00 1, 9, 13, 5, 2, 10
1_18_18 6
6_8_02 3, 11, 15, 7, 16, 8
2_5_12 8, 16
8_18_08 5, 13, 1, 9, 6, 14, 2, 10
6_30_02 5, 13, 1, 9, 14, 6
2_15_10 9, 1
8_14_20 14, 6, 10, 2, 11, 3, 7, 15
3_12_22 10, 2, 14
2_20_14 4, 12
6_19_08 5, 13, 1, 9, 6, 14
6_6_06 5, 13, 1, 9, 2, 10
2_12_16 7, 15
8_26_00 3, 11, 15, 7, 4, 12, 16, 8
1_23_16 2
3_16_08 4, 12, 8
4_4_14 8, 16, 4, 12
8_27_10 8, 16, 4, 12, 9, 1, 5, 13
3_7_22 13, 5, 1
3_5_08 6, 14, 2
1_24_06 9
8_28_04 5, 13, 1, 9, 6, 14, 2, 10
3_8_04 16, 8, 4
8_11_02 4, 12, 16, 8, 5, 13, 1, 9
5_3_02 2, 10, 14, 6, 11
4_3_20 11, 3, 7, 15
2_19_10 6, 14
3_1_02 2, 10, 14
3_25_02 4, 12, 16
6_3_06 4, 12, 16, 8, 5, 13
4_15_22 15, 7, 11, 3
2_8_00 14, 6
5_3_22 12, 4, 8, 16, 5
6_31_20 14, 6, 10, 2, 11, 3
7_8_16 10, 2, 6, 14, 15, 7, 11
4_27_02 4, 12, 16, 8
5_20_02 2, 10, 14, 6, 7
6_29_16 12, 4, 8, 16, 9, 1
2_11_22 14, 6
5_2_00 1, 9, 13, 5, 14
6_13_00 4, 12, 16, 8, 1, 9
1_31_00 12
7_25_02 4, 12, 16, 8, 5, 13, 1
7_23_08 6, 14, 2, 10, 15, 7, 11
1_20_10 10
2_22_02 15, 7
2_7_12 8, 16
4_30_20 14, 6, 10, 2
6_14_14 11, 3, 7, 15, 4, 12
8_21_00 2, 10, 14, 6, 3, 11, 15, 7
3_27_14 10, 2, 14
2_9_06 6, 14
8_2_02 2, 10, 14, 6, 3, 11, 15, 7
2_18_14 4, 12
7_25_16 11, 3, 7, 15, 12, 4, 8
5_18_16 9, 1, 5, 13, 6
7_10_14 10, 2, 6, 14, 7, 15, 3
6_10_08 7, 15, 3, 11, 4, 12
5_3_12 7, 15, 3, 11, 16
2_4_08 1, 9
7_4_20 11, 3, 7, 15, 16, 8, 12
2_30_18 9, 1
4_30_20 14, 6, 10, 2
7_21_00 2, 10, 14, 6, 3, 11, 15
2_21_06 5, 13
1_22_20 8
3_18_02 14, 6, 10
6_17_20 11, 3, 7, 15, 12, 4
3_21_08 6, 14, 2
8_6_06 5, 13, 1, 9, 6, 14, 2, 10
5_29_08 8, 16, 4, 12, 5
8_2_10 6, 14, 2, 10, 7, 15, 3, 11
8_5_20 12, 4, 8, 16, 13, 5, 9, 1
1_15_14 3
7_20_02 2, 10, 14, 6, 7, 15, 3
3_28_20 9, 1, 13
1_16_12 14
6_25_14 10, 2, 6, 14, 11, 3
8_20_22 12, 4, 8, 16, 13, 5, 9, 1
6_25_00 3, 11, 15, 7, 4, 12
3_15_16 12, 4, 16
4_17_22 12, 4, 8, 16
7_17_20 11, 3, 7, 15, 12, 4, 8
2_17_00 1, 9
7_5_04 4, 12, 16, 8, 5, 13, 1
7_1_00 1, 9, 13, 5, 2, 10, 14
4_24_06 5, 13, 1, 9
8_16_22 15, 7, 11, 3, 12, 4, 8, 16
1_13_02 5
2_4_04 15, 7
1_1_02 2
4_2_22 12, 4, 8, 16
4_10_20 13, 5, 9, 1
7_26_16 11, 3, 7, 15, 8, 16, 4
4_13_10 9, 1, 5, 13
5_24_18 11, 3, 7, 15, 16
5_10_16 11, 3, 7, 15, 8
7_7_22 13, 5, 9, 1, 6, 14, 2
5_19_06 4, 12, 16, 8, 13
4_21_22 13, 5, 9, 1
7_5_08 6, 14, 2, 10, 7, 15, 3
8_7_10 7, 15, 3, 11, 8, 16, 4, 12
3_6_20 8, 16, 4
5_14_04 6, 14, 2, 10, 15
3_6_22 9, 1, 5
6_18_20 11, 3, 7, 15, 8, 16
4_31_02 5, 13, 1, 9
1_1_06 4
1_11_20 5
6_12_08 7, 15, 3, 11, 4, 12
1_11_16 3
2_23_06 5, 13
1_10_08 3
2_10_00 15, 7
4_26_04 5, 13, 1, 9
8_25_20 13, 5, 9, 1, 14, 6, 10, 2
5_14_20 14, 6, 10, 2, 7
7_12_18 12, 4, 8, 16, 1, 9, 13
6_21_02 3, 11, 15, 7, 4, 12
1_9_06 6
4_10_16 11, 3, 7, 15
5_23_06 5, 13, 1, 9, 14
3_1_16 9, 1, 5
1_15_12 2
1_21_14 9
8_19_16 9, 1, 5, 13, 10, 2, 6, 14
1_23_22 5
5_18_20 11, 3, 7, 15, 8
7_14_16 12, 4, 8, 16, 5, 13, 1
6_27_22 14, 6, 10, 2, 15, 7
4_3_06 4, 12, 16, 8
5_4_14 8, 16, 4, 12, 13
7_8_00 2, 10, 14, 6, 7, 15, 3
1_26_02 16
1_9_06 6
6_26_18 12, 4, 8, 16, 9, 1
6_20_16 9, 1, 5, 13, 6, 14
5_27_18 12, 4, 8, 16, 5
5_3_06 4, 12, 16, 8, 13
6_14_00 4, 12, 16, 8, 13, 5
3_18_04 15, 7, 11
6_29_20 14, 6, 10, 2, 11, 3
8_26_18 12, 4, 8, 16, 13, 5, 9, 1
2_1_00 1, 9
2_30_16 8, 16
3_30_02 1, 9, 13
8_14_04 6, 14, 2, 10, 3, 11, 15, 7
7_13_04 6, 14, 2, 10, 3, 11, 15
6_16_12 10, 2, 6, 14, 3, 11
6_5_02 3, 11, 15, 7, 4, 12
8_28_16 11, 3, 7, 15, 12, 4, 8, 16
5_21_02 3, 11, 15, 7, 4
1_13_14 11
7_23_22 13, 5, 9, 1, 6, 14, 2
4_26_10 8, 16, 4, 12
2_11_16 11, 3
7_12_12 9, 1, 5, 13, 14, 6, 10
7_22_08 6, 14, 2, 10, 3, 11, 15
8_10_12 9, 1, 5, 13, 10, 2, 6, 14
5_24_08 6, 14, 2, 10, 11
5_19_00 1, 9, 13, 5, 10
7_15_18 13, 5, 9, 1, 2, 10, 14
2_24_20 8, 16
2_4_08 1, 9
1_4_16 13
3_9_18 12, 4, 8
5_20_10 6, 14, 2, 10, 11
7_1_04 3, 11, 15, 7, 4, 12, 16
1_3_04 11
7_16_00 4, 12, 16, 8, 5, 13, 1
7_9_00 3, 11, 15, 7, 4, 12, 16
3_9_14 10, 2, 6
2_2_06 16, 8
4_19_14 8, 16, 4, 12
6_31_14 11, 3, 7, 15, 8, 16
4_11_08 7, 15, 3, 11
1_3_00 9
2_4_08 1, 9
3_17_00 1, 9, 13
5_16_16 12, 4, 8, 16, 13
7_27_00 3, 11, 15, 7, 12, 4, 8
2_27_02 4, 12
6_10_14 10, 2, 6, 14, 7, 15
3_26_22 10, 2, 6
8_27_18 12, 4, 8, 16, 13, 5, 9, 1
5_1_00 1, 9, 13, 5, 2
3_24_10 3, 11, 7
2_5_16 10, 2
4_6_18 11, 3, 7, 15
7_14_20 14, 6, 10, 2, 7, 15, 3
2_3_20 11, 3
2_3_08 5, 13
5_10_20 13, 5, 9, 1, 10
5_6_10 7, 15, 3, 11, 4
4_23_14 9, 1, 5, 13
8_29_20 14, 6, 10, 2, 11, 3, 7, 15
3_11_18 12, 4, 16
1_20_20 15
8_19_10 6, 14, 2, 10, 7, 15, 3, 11
1_16_06 11
2_28_04 1, 9
2_17_00 1, 9
8_25_00 3, 11, 15, 7, 4, 12, 16, 8
7_21_18 11, 3, 7, 15, 12, 4, 8
8_9_20 13, 5, 9, 1, 14, 6, 10, 2
6_7_12 8, 16, 4, 12, 9, 1
4_2_14 8, 16, 4, 12
3_2_04 15, 7, 11
8_12_12 9, 1, 5, 13, 10, 2, 6, 14
4_5_12 8, 16, 4, 12
1_25_12 9
7_6_02 3, 11, 15, 7, 16, 8, 12
6_13_02 5, 13, 1, 9, 2, 10
5_25_18 12, 4, 8, 16, 13
4_2_12 7, 15, 3, 11
2_15_18 13, 5
3_16_18 9, 1, 13
5_23_14 9, 1, 5, 13, 2
5_18_06 4, 12, 16, 8, 1
3_2_14 4, 12, 16
2_22_04 16, 8
5_23_16 10, 2, 6, 14, 3
8_25_00 3, 11, 15, 7, 4, 12, 16, 8
5_14_04 6, 14, 2, 10, 15
3_26_16 7, 15, 3
5_7_14 9, 1, 5, 13, 2
4_24_22 13, 5, 9, 1
2_19_02 2, 10
6_27_10 8, 16, 4, 12, 9, 1
6_2_22 12, 4, 8, 16, 9, 1
1_13_06 7
7_22_18 11, 3, 7, 15, 8, 16, 4
5_13_08 8, 16, 4, 12, 5
2_13_20 14, 6
3_17_12 7, 15, 3
6_22_20 12, 4, 8, 16, 9, 1
6_13_12 10, 2, 6, 14, 7, 15
1_18_00 13
5_31_12 10, 2, 6, 14, 15
2_24_20 8, 16
5_5_18 11, 3, 7, 15, 12
6_21_02 3, 11, 15, 7, 4, 12
8_12_00 3, 11, 15, 7, 4, 12, 16, 8
6_23_02 3, 11, 15, 7, 4, 12
3_7_12 8, 16, 12
8_28_18 12, 4, 8, 16, 13, 5, 9, 1
4_25_10 8, 16, 4, 12
7_2_20 11, 3, 7, 15, 8, 16, 4
8_1_00 1, 9, 13, 5, 2, 10, 14, 6
8_14_22 15, 7, 11, 3, 12, 4, 8, 16
7_26_06 6, 14, 2, 10, 3, 11, 15
3_30_04 2, 10, 14
4_20_04 3, 11, 15, 7
7_26_16 11, 3, 7, 15, 8, 16, 4
3_17_10 6, 14, 2
4_28_10 8, 16, 4, 12
4_5_16 10, 2, 6, 14
4_22_20 12, 4, 8, 16
4_29_00 4,12, 16, 8
1_21_00 2
6_9_04 5, 13, 1, 9, 6, 14
8_24_02 3, 11, 15, 7, 4, 12, 16, 8
5_16_04 6, 14, 2, 10, 7
2_26_06 2, 10
3_11_22 14, 6, 2
8_24_06 5, 13, 1, 9, 6, 14, 2, 10
6_23_16 10, 2, 6, 14, 11, 3
4_18_16 9, 1, 5, 13
1_9_16 11
3_30_02 1, 9, 13
7_11_12 9, 1, 5, 13, 2, 10, 14
4_24_02 3, 11, 15, 7
1_18_14 4
2_7_22 13, 5
5_3_18 10, 2, 6, 14, 3
5_6_14 9, 1, 5, 13, 6
6_30_08 8, 16, 4, 12, 1, 9
2_31_20 14, 6
8_10_02 4, 12, 16, 8, 5, 13, 1, 9
8_23_04 4, 12, 16, 8, 5, 13, 1, 9
1_14_04 2
5_13_20 14, 6, 10, 2, 11
7_29_20 14, 6, 10, 2, 11, 3, 7
7_28_04 5, 13, 1, 9, 10, 2, 6
3_19_14 8, 16, 12
6_6_18 11, 3, 7, 15, 8, 16
5_5_14 9, 1, 5, 13, 10
7_13_02 5, 13, 1, 9, 2, 10, 14
1_23_18 3
3_19_10 6, 14, 10
8_30_08 8, 16, 4, 12, 5, 13, 1, 9
6_12_04 5, 13, 1, 9, 2, 10
3_19_14 8, 16, 12
5_12_06 6, 14, 2, 10, 11
6_23_08 6, 14, 2, 10, 7, 15
6_13_00 4, 12, 16, 8, 1, 9
3_11_18 12, 4, 16
1_5_06 5
5_8_06 5, 13, 1, 9, 10
6_29_06 7, 15, 3, 11, 4, 12
3_17_16 9, 1, 5
8_29_04 6, 14, 2, 10, 3, 11, 15, 7
3_13_22 15, 7, 11
5_19_08 5, 13, 1, 9, 14
1_31_20 6
6_1_02 2, 10, 14, 6, 3, 11
7_3_18 10, 2, 6, 14, 3, 11, 15
3_13_14 11, 3, 7
3_10_14 6, 14, 2
3_7_16 10, 2, 14
7_9_04 5, 13, 1, 9, 6, 14, 2
3_5_06 5, 13, 1
5_25_12 9, 1, 5, 13, 10
6_15_22 15, 7, 11, 3, 12, 4
3_24_04 16, 8, 4
4_14_10 9, 1, 5, 13
4_24_16 10, 2, 6, 14
5_15_22 15, 7, 11, 3, 4
4_4_02 2, 10, 14, 6
6_1_18 10, 2, 6, 14, 11, 3
3_7_00 2, 10, 6
2_9_10 8, 16
6_28_12 9, 1, 5, 13, 6, 14
1_19_06 12
3_31_20 14, 6, 2
5_17_02 2, 10, 14, 6, 3
5_21_04 4, 12, 16, 8, 5
3_4_10 2, 10, 6
3_16_08 4, 12, 8
6_4_22 12, 4, 8, 16, 9, 1
5_21_02 3, 11, 15, 7, 4
5_24_00 2, 10, 14, 6, 7
2_28_18 8, 16
3_16_18 9, 1, 13
8_27_22 14, 6, 10, 2, 15, 7, 11, 3
4_13_06 7, 15, 3, 11
2_16_08 4, 12
4_20_14 8, 16, 4, 12
5_13_12 10, 2, 6, 14, 7
5_20_04 3, 11, 15, 7, 8
6_4_02 2, 10, 14, 6, 15, 7
5_8_20 12, 4, 8, 16, 1
8_12_06 6, 14, 2, 10, 7, 15, 3, 11
8_12_12 9, 1, 5, 13, 10, 2, 6, 14
5_19_20 11, 3, 7, 15, 4
4_22_04 4, 12, 16, 8
2_28_20 9, 1
5_12_04 5, 13, 1, 9, 10
3_2_22 8, 16, 4
6_1_02 2, 10, 14, 6, 3, 11
8_6_20 12, 4, 8, 16, 13, 5, 9, 1
1_16_18 1
7_12_12 9, 1, 5, 13, 14, 6, 10
2_14_16 8, 16
1_16_06 11
6_19_20 11, 3, 7, 15, 12, 4
5_23_16 10, 2, 6, 14, 3
4_27_06 6, 14, 2, 10
5_27_00 3, 11, 15, 7, 12
1_19_22 4
4_11_06 6, 14, 2, 10
1_4_04 7
4_15_04 6, 14, 2, 10
1_6_12 4
5_25_06 6, 14, 2, 10, 7
5_7_06 5, 13, 1, 9, 14
7_20_04 3, 11, 15, 7, 8, 16, 4
4_23_22 13, 5, 9, 1
2_7_02 3, 11
3_31_10 9, 1, 13
4_12_14 10, 2, 6, 14
2_1_10 6, 14
1_2_14 4
4_17_00 1, 9, 13, 5
8_11_20 13, 5, 9, 1, 14, 6, 10, 2
7_13_10 9, 1, 5, 13, 6, 14, 2
8_13_18 13, 5, 9, 1, 10, 2, 6, 14
8_7_14 9, 1, 5, 13, 10, 2, 6, 14
7_9_20 13, 5, 9, 1, 14, 6, 10
5_4_14 8, 16, 4, 12, 13
3_5_14 9, 1, 5
1_6_14 5
1_21_04 4
6_21_14 9, 1, 5, 13, 10, 2
6_24_06 5, 13, 1, 9, 2, 10
5_27_04 5, 13, 1, 9, 14
6_29_04 6, 14, 2, 10, 3, 11
1_16_18 1
2_30_20 10, 2
7_18_14 8, 16, 4, 12, 5, 13, 1
3_8_02 15, 7, 3
2_22_16 6, 14
5_17_16 9, 1, 5, 13, 10
8_10_10 8, 16, 4, 12, 9, 1, 5, 13
3_21_06 5, 13, 1
5_31_04 6, 14, 2, 10, 11
4_30_14 11, 3, 7, 15
7_10_18 12, 4, 8, 16, 9, 1, 5
7_14_08 8, 16, 4, 12, 1, 9, 13
3_1_02 2, 10, 14
3_13_02 5, 13, 1
4_8_02 3, 11, 15, 7
3_1_04 3, 11, 15
2_14_06 3, 11
3_19_04 3, 11, 7
6_10_06 6, 14, 2, 10, 3, 11
3_17_04 3, 11, 15
1_28_04 9
2_30_00 16, 8
1_18_04 15
5_26_22 14, 6, 10, 2, 11
5_18_10 6, 14, 2, 10, 3
6_23_14 9, 1, 5, 13, 10, 2
7_21_14 9, 1, 5, 13, 10, 2, 6
1_8_02 7
6_5_06 5, 13, 1, 9, 6, 14
8_31_06 7, 15, 3, 11, 4, 12, 16, 8
6_23_18 11, 3, 7, 15, 12, 4
8_11_10 8, 16, 4, 12, 9, 1, 5, 13
4_13_10 9, 1, 5, 13
8_18_16 9, 1, 5, 13, 10, 2, 6, 14
4_20_08 5, 13, 1, 9
7_30_12 10, 2, 6, 14, 3, 11, 15
2_20_04 15, 7
4_12_12 9, 1, 5, 13
1_18_14 4
3_30_20 10, 2, 6
1_3_08 13
2_3_16 9, 1
6_30_08 8, 16, 4, 12, 1, 9
3_2_14 4, 12, 16
1_22_04 16
7_9_08 7, 15, 3, 11, 8, 16, 4
5_4_22 12, 4, 8, 16, 1
3_15_08 8, 16, 12
2_15_02 5, 13
1_21_20 12
5_26_04 5, 13, 1, 9, 2
5_28_10 8, 16, 4, 12, 13
7_30_06 7, 15, 3, 11, 16, 8, 12
5_8_02 3, 11, 15, 7, 8
3_17_14 8, 16, 4
3_1_20 11, 3, 7
7_10_00 3, 11, 15, 7, 16, 8, 12
4_9_08 7, 15, 3, 11
4_17_16 9, 1, 5, 13
8_10_18 12, 4, 8, 16, 13, 5, 9, 1
4_21_08 6, 14, 2, 10
4_20_02 2, 10, 14, 6
3_22_10 3, 11, 15
7_27_06 6, 14, 2, 10, 15, 7, 11
8_21_10 7, 15, 3, 11, 8, 16, 4, 12
7_15_20 14, 6, 10, 2, 3, 11, 15
7_2_10 6, 14, 2, 10, 3, 11, 15
2_23_20 12, 4
5_4_04 3, 11, 15, 7, 8
5_13_18 13, 5, 9, 1, 10
6_22_18 11, 3, 7, 15, 8, 16
5_7_00 2, 10, 14, 6, 11
1_1_08 5
7_3_22 12, 4, 8, 16, 5, 13, 1
6_30_06 7, 15, 3, 11, 16, 8
4_13_10 9, 1, 5, 13
4_31_12 10, 2, 6, 14
7_16_06 7, 15, 3, 11, 8, 16, 4
3_15_14 11, 3, 15
4_16_22 15, 7, 11, 3
1_11_06 14
3_29_06 7, 15, 3
2_4_04 15, 7
7_18_12 7, 15, 3, 11, 4, 12, 16
5_5_18 11, 3, 7, 15, 12
3_13_08 8, 16, 4
7_2_12 7, 15, 3, 11, 4, 12, 16
6_1_18 10, 2, 6, 14, 11, 3
4_11_06 6, 14, 2, 10
8_19_04 3, 11, 15, 7, 4, 12, 16, 8
2_15_06 7, 15
8_20_12 7, 15, 3, 11, 8, 16, 4, 12
3_25_06 6, 14, 2
5_25_14 10, 2, 6, 14, 11
1_10_12 5
5_6_02 3, 11, 15, 7, 16
4_12_10 8, 16, 4, 12
2_30_04 2, 10
2_26_22 10, 2
7_7_16 10, 2, 6, 14, 3, 11, 15
1_18_18 6
6_14_22 15, 7, 11, 3, 8, 16
8_2_22 12, 4, 8, 16, 13, 5, 9, 1
2_11_14 10, 2
3_13_08 8, 16, 4
2_6_06 1, 9
8_30_22 15, 7, 11, 3, 12, 4, 8, 16
6_27_20 13, 5, 9, 1, 14, 6
2_31_08 8, 16
7_5_04 4, 12, 16, 8, 5, 13, 1
8_8_10 7, 15, 3, 11, 8, 16, 4, 12
2_16_08 4, 12
8_2_22 12, 4, 8, 16, 13, 5, 9, 1
4_15_18 13, 5, 9, 1
2_22_16 6, 14
4_16_02 5, 13, 1, 9
5_27_20 13, 5, 9, 1, 6
1_18_16 5
5_31_16 12, 4, 8, 16, 1
8_31_12 10, 2, 6, 14, 7, 15, 3, 11
8_4_12 7, 15, 3, 11, 8, 16, 4, 12
7_21_12 8, 16, 4, 12, 9, 1, 5
7_11_10 8, 16, 4, 12, 1, 9, 13
8_19_02 2, 10, 14, 6, 3, 11, 15, 7
6_11_02 4, 12, 16, 8, 5, 13
4_16_04 6, 14, 2, 10
4_30_04 6, 14, 2, 10
6_21_10 7, 15, 3, 11, 8, 16
3_5_00 2, 10, 14
7_18_16 9, 1, 5, 13, 6, 14, 2
7_6_08 6, 14, 2, 10, 3, 11, 15
3_27_00 3, 11, 7
2_3_12 7, 15
3_22_10 3, 11, 15
4_19_00 1, 9, 13, 5
2_24_20 8, 16
2_28_18 8, 16
1_31_10 1
8_8_18 11, 3, 7, 15, 12, 4, 8, 16
4_16_18 13, 5, 9, 1
3_14_18 9, 1, 5
2_25_08 7, 15
8_23_04 4, 12, 16, 8, 5, 13, 1, 9
5_9_02 4, 12, 16, 8, 5
4_9_14 10, 2, 6, 14
6_25_20 13, 5, 9, 1, 14, 6
4_19_02 2, 10, 14, 6
8_12_14 10, 2, 6, 14, 11, 3, 7, 15
1_10_06 2
1_31_08 16
5_8_02 3, 11, 15, 7, 8
1_26_10 4
6_14_04 6, 14, 2, 10, 15, 7
5_14_04 6, 14, 2, 10, 15
8_6_04 4, 12, 16, 8, 5, 13, 1, 9
3_31_20 14, 6, 2
1_24_12 12
6_11_20 13, 5, 9, 1, 14, 6
8_3_12 7, 15, 3, 11, 8, 16, 4, 12
1_14_06 3
1_22_06 1
5_25_22 14, 6, 10, 2, 15
7_17_22 12, 4, 8, 16, 13, 5, 9
6_31_14 11, 3, 7, 15, 8, 16
5_13_18 13, 5, 9, 1, 10
3_9_18 12, 4, 8
4_27_20 13, 5, 9, 1
4_31_14 11, 3, 7, 15
5_21_00 2, 10, 14, 6, 3
1_9_06 6
2_1_08 5, 13
5_13_16 12, 4, 8, 16, 9
5_30_20 14, 6, 10, 2, 7
7_17_04 3, 11, 15, 7, 4, 12, 16
2_18_18 6, 14
6_10_14 10, 2, 6, 14, 7, 15
6_9_02 4, 12, 16, 8, 5, 13
7_10_02 4, 12, 16, 8, 1, 9, 13
4_30_18 13, 5, 9, 1
5_18_08 5, 13, 1, 9, 2
4_4_02 2, 10, 14, 6
3_2_08 1, 9, 13
8_22_08 6, 14, 2, 10, 7, 15, 3, 11
2_6_22 9, 1
2_4_20 7, 15
3_3_16 9, 1, 13
8_7_14 9, 1, 5, 13, 10, 2, 6, 14
7_27_06 6, 14, 2, 10, 15, 7, 11
3_1_06 4, 12, 16
7_18_14 8, 16, 4, 12, 5, 13, 1
8_4_16 9, 1, 5, 13, 10, 2, 6, 14
3_1_18 10, 2, 6
1_30_22 11
6_8_14 9, 1, 5, 13, 6, 14
2_16_06 3, 11
5_23_04 4, 12, 16, 8, 13
2_6_06 1, 9
6_18_10 6, 14, 2, 10, 3, 11
8_22_12 8, 16, 4, 12, 9, 1, 5, 13
7_5_16 10, 2, 6, 14, 11, 3, 7
4_20_06 4, 12, 16, 8
6_12_18 12, 4, 8, 16, 9, 1
2_12_08 3, 11
5_30_04 6, 14, 2, 10, 15
5_9_18 12, 4, 8, 16, 13
4_18_20 11, 3, 7, 15
5_26_22 14, 6, 10, 2, 11
8_23_18 11, 3, 7, 15, 12, 4, 8, 16
1_3_12 15
1_26_12 5
1_18_00 13
5_27_16 11, 3, 7, 15, 4
1_27_06 14
8_6_22 13, 5, 9, 1, 14, 6, 10, 2
6_29_06 7, 15, 3, 11, 4, 12
1_1_12 7
5_10_10 8, 16, 4, 12, 5
1_27_14 2
4_5_14 9, 1, 5, 13
4_18_02 2, 10, 14, 6
8_12_18 12, 4, 8, 16, 13, 5, 9, 1
4_26_00 3, 11, 15, 7
5_5_12 8, 16, 4, 12, 9
7_6_06 5, 13, 1, 9, 2, 10, 14
4_20_16 9, 1, 5, 13
3_8_16 6, 14, 10
4_14_06 7, 15, 3, 11
7_12_22 14, 6, 10, 2, 3, 11, 15
2_20_06 16, 8
8_5_04 4, 12, 16, 8, 5, 13, 1, 9
1_9_02 4
2_23_18 11, 3
8_4_18 10, 2, 6, 14, 11, 3, 7, 15
3_7_02 3, 11, 7
6_20_20 11, 3, 7, 15, 8, 16
6_20_20 11, 3, 7, 15, 8, 16
1_3_02 10
2_9_18 12, 4
5_14_10 9, 1, 5, 13, 2
4_2_22 12, 4, 8, 16
5_6_12 8, 16, 4, 12, 5
1_21_22 13
6_20_14 8, 16, 4, 12, 5, 13
5_8_20 12, 4, 8, 16, 1
6_6_04 4, 12, 16, 8, 1, 9
4_20_10 6, 14, 2, 10
8_5_02 3, 11, 15, 7, 4, 12, 16, 8
8_6_20 12, 4, 8, 16, 13, 5, 9, 1
5_2_14 8, 16, 4, 12, 5
2_23_16 10, 2
7_2_18 10, 2, 6, 14, 7, 15, 3
6_5_00 2, 10, 14, 6, 3, 11
2_28_06 2, 10
4_10_16 11, 3, 7, 15
5_14_14 11, 3, 7, 15, 4
6_28_00 3, 11, 15, 7, 16, 8
3_3_08 5, 13, 9
7_19_02 2, 10, 14, 6, 11, 3, 7
1_25_08 7
1_22_04 16
2_8_08 2, 10
5_21_20 12, 4, 8, 16, 13
6_15_06 7, 15, 3, 11, 4, 12
4_4_02 2, 10, 14, 6
1_21_06 5
5_29_16 12, 4, 8, 16, 9
5_6_16 10, 2, 6, 14, 7
5_8_18 11, 3, 7, 15, 16
7_4_16 9, 1, 5, 13, 14, 6, 10
1_13_12 10
2_27_12 9, 1
6_7_20 12, 4, 8, 16, 13, 5
3_28_16 7, 15, 11
3_2_20 7, 15, 3
6_26_14 10, 2, 6, 14, 7, 15
4_8_12 8, 16, 4, 12
4_28_02 4, 12, 16, 8
6_26_22 14, 6, 10, 2, 11, 3
7_27_02 4, 12, 16, 8, 13, 5, 9
1_28_06 10
3_13_06 7, 15, 3
7_15_14 11, 3, 7, 15, 16, 8, 12
7_25_14 10, 2, 6, 14, 11, 3, 7
3_28_16 7, 15, 11
4_28_20 13, 5, 9, 1
4_9_14 10, 2, 6, 14
7_24_14 9, 1, 5, 13, 14, 6, 10
1_26_20 9
3_11_14 10, 2, 14
5_15_12 10, 2, 6, 14, 15
1_25_00 3
6_18_08 5, 13, 1, 9, 2, 10
3_20_22 8, 16, 12
5_18_02 2, 10, 14, 6, 15
8_17_22 12, 4, 8, 16, 13, 5, 9, 1
8_24_20 12, 4, 8, 16, 13, 5, 9, 1
2_1_20 11, 3
4_20_02 2, 10, 14, 6
6_31_20 14, 6, 10, 2, 11, 3
5_3_06 4, 12, 16, 8, 13
8_23_02 3, 11, 15, 7, 4, 12, 16, 8
5_7_20 12, 4, 8, 16, 5
4_3_00 1, 9, 13, 5
4_22_02 3, 11, 15, 7
6_22_14 9, 1, 5, 13, 6, 14
8_5_14 9, 1, 5, 13, 10, 2, 6, 14
7_15_22 15, 7, 11, 3, 4, 12, 16
7_18_18 10, 2, 6, 14, 7, 15, 3
4_30_12 10, 2, 6, 14
5_6_22 13, 5, 9, 1, 10
5_5_10 7, 15, 3, 11, 8
8_28_12 9, 1, 5, 13, 10, 2, 6, 14
8_13_18 13, 5, 9, 1, 10, 2, 6, 14
3_18_04 15, 7, 11
5_28_14 10, 2, 6, 14, 15
4_5_02 3, 11, 15, 7
8_13_12 10, 2, 6, 14, 7, 15, 3, 11
4_6_08 6, 14, 2, 10
2_25_00 3, 11
6_25_00 3, 11, 15, 7, 4, 12
7_14_02 5, 13, 1, 9, 14, 6, 10
6_10_18 12, 4, 8, 16, 9, 1
3_6_00 14, 6, 10
8_29_22 15, 7, 11, 3, 12, 4, 8, 16
7_7_00 2, 10, 14, 6, 11, 3, 7
7_7_20 12, 4, 8, 16, 5, 13, 1
1_7_04 12
7_9_22 14, 6, 10, 2, 15, 7, 11
6_19_04 3, 11, 15, 7, 4, 12
1_16_00 8
1_28_06 10
7_3_14 8, 16, 4, 12, 1, 9, 13
8_24_22 13, 5, 9, 1, 14, 6, 10, 2
8_25_10 8, 16, 4, 12, 9, 1, 5, 13
4_7_08 6, 14, 2, 10
6_23_02 3, 11, 15, 7, 4, 12
3_1_20 11, 3, 7
3_4_12 3, 11, 7
7_17_16 9, 1, 5, 13, 10, 2, 6
6_2_12 7, 15, 3, 11, 4, 12
1_16_04 10
1_4_12 11
1_4_10 10
5_28_10 8, 16, 4, 12, 13
3_16_22 11, 3, 15
8_24_20 12, 4, 8, 16, 13, 5, 9, 1
2_17_10 6, 14
3_27_02 4, 12, 8
5_9_06 6, 14, 2, 10, 7
5_24_18 11, 3, 7, 15, 16
6_5_12 8, 16, 4, 12, 9, 1
2_5_20 12, 4
7_11_00 3, 11, 15, 7, 12, 4, 8
8_22_16 10, 2, 6, 14, 11, 3, 7, 15
2_25_06 6, 14
5_31_06 7, 15, 3, 11, 12
3_13_14 11, 3, 7
3_3_00 1, 9, 5
7_3_08 5, 13, 1, 9, 14, 6, 10
7_20_02 2, 10, 14, 6, 7, 15, 3
1_23_08 14
2_19_06 4, 12
5_13_06 7, 15, 3, 11, 4
5_28_22 14, 6, 10, 2, 3
6_12_22 14, 6, 10, 2, 11, 3
8_20_04 3, 11, 15, 7, 4, 12, 16, 8
8_17_22 12, 4, 8, 16, 13, 5, 9, 1
8_12_22 14, 6, 10, 2, 15, 7, 11, 3
3_4_20 7, 15, 11
6_12_14 10, 2, 6, 14, 7, 15
3_24_22 9, 1, 13
7_12_16 11, 3, 7, 15, 16, 8, 12
1_12_04 9
6_31_22 15, 7, 11, 3, 12, 4
8_17_22 12, 4, 8, 16, 13, 5, 9, 1
7_25_20 13, 5, 9, 1, 14, 6, 10
5_3_22 12, 4, 8, 16, 5
8_4_10 6, 14, 2, 10, 7, 15, 3, 11
6_11_22 14, 6, 10, 2, 15, 7
3_31_08 8, 16, 12
5_17_10 6, 14, 2, 10, 7
3_3_16 9, 1, 13
7_13_08 8, 16, 4, 12, 5, 13, 1
3_6_04 16, 8, 12
8_26_10 8, 16, 4, 12, 9, 1, 5, 13
2_8_02 15, 7
6_17_16 9, 1, 5, 13, 10, 2
7_1_08 5, 13, 1, 9, 6, 14, 2
4_27_20 13, 5, 9, 1
3_6_08 2, 10, 14
5_28_08 7, 15, 3, 11, 12
4_1_08 5, 13, 1, 9
7_19_02 2, 10, 14, 6, 11, 3, 7
7_29_10 9, 1, 5, 13, 6, 14, 2
4_28_00 3, 11, 15, 7
8_27_12 9, 1, 5, 13, 10, 2, 6, 14
6_9_06 6, 14, 2, 10, 7, 15
8_2_10 6, 14, 2, 10, 7, 15, 3, 11
6_17_22 12, 4, 8, 16, 13, 5
4_15_20 14, 6, 10, 2
2_3_08 5, 13
7_25_02 4, 12, 16, 8, 5, 13, 1
7_15_10 9, 1, 5, 13, 14, 6, 10
8_11_22 14, 6, 10, 2, 15, 7, 11, 3
8_31_02 5, 13, 1, 9, 2, 10, 14, 6
8_12_14 10, 2, 6, 14, 11, 3, 7, 15
6_13_04 6, 14, 2, 10, 3, 11
4_29_12 10, 2, 6, 14
3_6_18 7, 15, 3
2_26_12 5, 13
8_20_06 4, 12, 16, 8, 5, 13, 1, 9
8_25_18 12, 4, 8, 16, 13, 5, 9, 1
6_15_20 14, 6, 10, 2, 11, 3
6_15_22 15, 7, 11, 3, 12, 4
7_28_16 11, 3, 7, 15, 16, 8, 12
7_16_02 5, 13, 1, 9, 6, 14, 2
6_25_04 5, 13, 1, 9, 6, 14
3_2_04 15, 7, 11
2_31_08 8, 16
1_26_10 4
7_28_08 7, 15, 3, 11, 12, 4, 8
2_26_22 10, 2
6_1_06 4, 12, 16, 8, 5, 13
8_30_06 7, 15, 3, 11, 4, 12, 16, 8
2_27_14 10, 2
6_1_20 11, 3, 7, 15, 12, 4
7_18_08 5, 13, 1, 9, 2, 10, 14
1_24_08 10
6_27_02 4, 12, 16, 8, 5, 13
2_1_22 12, 4
7_1_14 8, 16, 4, 12, 9, 1, 5
5_23_00 2, 10, 14, 6, 11
3_19_00 1, 9, 5
5_12_20 13, 5, 9, 1, 2
3_16_10 5, 13, 9
6_31_12 10, 2, 6, 14, 7, 15
2_3_10 6, 14
8_18_18 10, 2, 6, 14, 11, 3, 7, 15
7_8_08 6, 14, 2, 10, 11, 3, 7
4_29_10 9, 1, 5, 13
6_25_12 9, 1, 5, 13, 10, 2
7_14_16 12, 4, 8, 16, 5, 13, 1
7_10_00 3, 11, 15, 7, 16, 8, 12
2_20_00 13, 5
6_4_20 11, 3, 7, 15, 8, 16
5_3_06 4, 12, 16, 8, 13
5_30_20 14, 6, 10, 2, 7
7_3_22 12, 4, 8, 16, 5, 13, 1
4_14_18 13, 5, 9, 1
4_27_10 8, 16, 4, 12
6_20_12 7, 15, 3, 11, 4, 12
5_12_22 14, 6, 10, 2, 3
5_23_04 4, 12, 16, 8, 13
6_11_04 5, 13, 1, 9, 6, 14
7_28_06 6, 14, 2, 10, 11, 3, 7
8_12_22 14, 6, 10, 2, 15, 7, 11, 3
8_22_18 11, 3, 7, 15, 12, 4, 8, 16
2_6_04 16, 8
4_16_04 6, 14, 2, 10
8_24_02 3, 11, 15, 7, 4, 12, 16, 8
6_24_22 13, 5, 9, 1, 10, 2
1_4_22 16
8_17_04 3, 11, 15, 7, 4, 12, 16, 8
3_22_10 3, 11, 15
7_13_04 6, 14, 2, 10, 3, 11, 15
1_29_06 7
8_21_08 6, 14, 2, 10, 7, 15, 3, 11
3_1_00 1, 9, 13
7_10_02 4, 12, 16, 8, 1, 9, 13
7_31_02 5, 13, 1, 9, 10, 2, 6
2_18_08 1, 9
2_9_12 9, 1
3_16_12 6, 14, 10
1_7_12 16
7_28_10 8, 16, 4, 12, 13, 5, 9
4_27_00 3, 11, 15, 7
8_19_12 7, 15, 3, 11, 8, 16, 4, 12
7_21_14 9, 1, 5, 13, 10, 2, 6
7_31_20 14, 6, 10, 2, 3, 11, 15
4_13_12 10, 2, 6, 14
5_6_10 7, 15, 3, 11, 4
7_5_04 4, 12, 16, 8, 5, 13, 1
4_21_10 7, 15, 3, 11
5_19_16 9, 1, 5, 13, 2
1_31_22 7
7_12_12 9, 1, 5, 13, 14, 6, 10
5_27_14 10, 2, 6, 14, 3
7_19_08 5, 13, 1, 9, 14, 6, 10
1_17_14 8
2_13_00 4,12
8_31_16 12, 4, 8, 16, 9, 1, 5, 13
4_8_12 8, 16, 4, 12
3_29_18 13, 5, 9
4_29_02 5, 13, 1, 9
7_6_06 5, 13, 1, 9, 2, 10, 14
4_27_12 9, 1, 5, 13
2_14_22 11, 3
2_5_18 11, 3
2_11_08 7, 15
5_5_12 8, 16, 4, 12, 9
8_12_00 3, 11, 15, 7, 4, 12, 16, 8
2_6_14 5, 13
5_19_04 3, 11, 15, 7, 12
7_28_08 7, 15, 3, 11, 12, 4, 8
5_22_08 6, 14, 2, 10, 3
6_27_06 6, 14, 2, 10, 7, 15
1_12_22 2
3_9_20 13, 5, 9
4_8_10 7, 15, 3, 11
3_3_06 4, 12, 8
3_13_00 4,12, 16
2_22_18 7, 15
5_30_18 13, 5, 9, 1, 6
1_7_12 16
6_26_06 6, 14, 2, 10, 3, 11
8_25_06 6, 14, 2, 10, 7, 15, 3, 11
1_29_02 5
7_29_08 8, 16, 4, 12, 5, 13, 1
7_15_00 4, 12, 16, 8, 9, 1, 5
8_26_22 14, 6, 10, 2, 15, 7, 11, 3
1_30_04 2
1_1_10 6
8_15_14 11, 3, 7, 15, 8, 16, 4, 12
2_14_16 8, 16
1_9_10 8
4_4_16 9, 1, 5, 13
4_22_12 8, 16, 4, 12
4_27_10 8, 16, 4, 12
5_15_18 13, 5, 9, 1, 2
7_3_10 6, 14, 2, 10, 15, 7, 11
8_7_20 12, 4, 8, 16, 13, 5, 9, 1
6_13_14 11, 3, 7, 15, 8, 16
7_2_20 11, 3, 7, 15, 8, 16, 4
3_13_00 4,12, 16
7_10_16 11, 3, 7, 15, 8, 16, 4
8_11_00 3, 11, 15, 7, 4, 12, 16, 8
3_9_14 10, 2, 6
5_28_04 5, 13, 1, 9, 10
8_9_06 6, 14, 2, 10, 7, 15, 3, 11
2_7_04 4, 12
5_18_22 12, 4, 8, 16, 9
4_20_02 2, 10, 14, 6
6_1_04 3, 11, 15, 7, 4, 12
4_17_14 8, 16, 4, 12
2_6_10 3, 11
5_29_02 5, 13, 1, 9, 2
8_5_14 9, 1, 5, 13, 10, 2, 6, 14
1_2_18 6
6_21_20 12, 4, 8, 16, 13, 5
2_3_20 11, 3
5_22_10 7, 15, 3, 11, 4
1_2_04 15
4_29_04 6, 14, 2, 10
4_4_18 10, 2, 6, 14
4_16_18 13, 5, 9, 1
2_26_22 10, 2
3_19_14 8, 16, 12
4_2_20 11, 3, 7, 15
1_22_14 5
1_13_04 6
4_16_14 11, 3, 7, 15
2_25_04 5, 13
8_17_12 7, 15, 3, 11, 8, 16, 4, 12
4_11_14 10, 2, 6, 14
3_5_22 13, 5, 9
2_15_10 9, 1
3_31_22 15, 7, 3
8_12_02 4, 12, 16, 8, 5, 13, 1, 9
5_12_22 14, 6, 10, 2, 3
1_11_12 1
7_5_10 7, 15, 3, 11, 8, 16, 4
7_4_22 12, 4, 8, 16, 1, 9, 13
5_16_06 7, 15, 3, 11, 8
8_29_16 12, 4, 8, 16, 9, 1, 5, 13
5_16_10 9, 1, 5, 13, 10
7_29_04 6, 14, 2, 10, 3, 11, 15
6_12_08 7, 15, 3, 11, 4, 12