6_10_10 8, 16, 4, 12, 5, 13
7_18_08 5, 13, 1, 9, 2, 10, 14
4_3_16 9, 1, 5, 13
4_20_06 4, 12, 16, 8
7_14_00 4, 12, 16, 8, 13, 5, 9
4_6_06 5, 13, 1, 9
6_10_12 9, 1, 5, 13, 6, 14
3_30_02 1, 9, 13
3_9_14 10, 2, 6
4_25_22 14, 6, 10, 2
5_29_08 8, 16, 4, 12, 5
6_22_20 12, 4, 8, 16, 9, 1
8_13_06 7, 15, 3, 11, 4, 12, 16, 8
8_28_02 4, 12, 16, 8, 5, 13, 1, 9
7_29_06 7, 15, 3, 11, 4, 12, 16
1_18_14 4
2_18_14 4, 12
5_20_00 1, 9, 13, 5, 6
2_15_12 10, 2
4_25_02 4, 12, 16, 8
6_1_20 11, 3, 7, 15, 12, 4
7_7_16 10, 2, 6, 14, 3, 11, 15
3_24_12 4, 12, 8
1_13_12 10
1_9_08 7
3_17_18 10, 2, 6
3_25_06 6, 14, 2
3_16_00 16, 8, 4
5_25_00 3, 11, 15, 7, 4
3_3_12 7, 15, 11
5_18_08 5, 13, 1, 9, 2
8_21_14 9, 1, 5, 13, 10, 2, 6, 14
7_10_16 11, 3, 7, 15, 8, 16, 4
8_24_02 3, 11, 15, 7, 4, 12, 16, 8
1_24_18 15
2_20_18 6, 14
1_22_10 3
6_23_10 7, 15, 3, 11, 8, 16
8_4_20 11, 3, 7, 15, 12, 4, 8, 16
4_13_16 12, 4, 8, 16
2_30_06 3, 11
2_29_22 15, 7
5_10_12 9, 1, 5, 13, 6
2_25_10 8, 16
2_11_08 7, 15
8_6_08 6, 14, 2, 10, 7, 15, 3, 11
6_1_22 12, 4, 8, 16, 13, 5
2_10_22 10, 2
5_23_00 2, 10, 14, 6, 11
2_31_08 8, 16
8_10_10 8, 16, 4, 12, 9, 1, 5, 13
3_9_00 3, 11, 15
1_14_22 11
5_28_16 11, 3, 7, 15, 16
7_21_16 10, 2, 6, 14, 11, 3, 7
5_23_12 8, 16, 4, 12, 1
5_15_16 12, 4, 8, 16, 1
5_28_06 6, 14, 2, 10, 11
2_26_12 5, 13
5_15_12 10, 2, 6, 14, 15
4_29_20 14, 6, 10, 2
6_17_10 6, 14, 2, 10, 7, 15
3_21_08 6, 14, 2
3_14_08 4, 12, 16
2_6_22 9, 1
4_3_00 1, 9, 13, 5
6_12_14 10, 2, 6, 14, 7, 15
5_3_14 8, 16, 4, 12, 1
7_2_22 12, 4, 8, 16, 9, 1, 5
6_15_08 8, 16, 4, 12, 5, 13
3_5_14 9, 1, 5
8_3_20 11, 3, 7, 15, 12, 4, 8, 16
4_7_04 4, 12, 16, 8
1_27_20 5
7_18_22 12, 4, 8, 16, 9, 1, 5
2_17_12 7, 15
6_25_08 7, 15, 3, 11, 8, 16
5_23_02 3, 11, 15, 7, 12
1_3_18 2
5_8_08 6, 14, 2, 10, 11
6_9_16 11, 3, 7, 15, 12, 4
8_16_22 15, 7, 11, 3, 12, 4, 8, 16
1_5_22 13
7_22_08 6, 14, 2, 10, 3, 11, 15
4_23_00 2, 10, 14, 6
7_28_12 9, 1, 5, 13, 14, 6, 10
2_27_16 11, 3
4_13_22 15, 7, 11, 3
7_16_06 7, 15, 3, 11, 8, 16, 4
7_11_10 8, 16, 4, 12, 1, 9, 13
1_29_00 4
3_6_22 9, 1, 5
7_7_12 8, 16, 4, 12, 1, 9, 13
2_25_14 10, 2
5_25_06 6, 14, 2, 10, 7
5_31_20 14, 6, 10, 2, 3
4_5_16 10, 2, 6, 14
4_4_18 10, 2, 6, 14
2_24_12 4, 12
2_15_10 9, 1
5_1_22 12, 4, 8, 16, 13
3_24_10 3, 11, 7
1_29_22 15
3_20_00 13, 5, 1
5_20_10 6, 14, 2, 10, 11
2_14_12 6, 14
3_22_16 6, 14, 2
2_6_22 9, 1
3_13_20 14, 6, 10
7_1_14 8, 16, 4, 12, 9, 1, 5
8_20_06 4, 12, 16, 8, 5, 13, 1, 9
4_30_02 5, 13, 1, 9
1_20_08 9
7_13_02 5, 13, 1, 9, 2, 10, 14
4_1_16 9, 1, 5, 13
6_10_12 9, 1, 5, 13, 6, 14
8_26_16 11, 3, 7, 15, 12, 4, 8, 16
3_6_14 5, 13, 1
7_24_00 2, 10, 14, 6, 7, 15, 3
3_15_20 14, 6, 2
3_23_20 12, 4, 16
2_7_00 2, 10
2_20_20 7, 15
2_3_20 11, 3
6_2_16 9, 1, 5, 13, 6, 14
3_26_00 15, 7, 11
5_16_02 5, 13, 1, 9, 6
6_12_22 14, 6, 10, 2, 11, 3
4_14_16 12, 4, 8, 16
5_19_08 5, 13, 1, 9, 14
8_13_10 9, 1, 5, 13, 6, 14, 2, 10
6_23_02 3, 11, 15, 7, 4, 12
2_12_04 1, 9
3_20_20 7, 15, 11
8_16_16 12, 4, 8, 16, 9, 1, 5, 13
3_13_22 15, 7, 11
2_5_16 10, 2
7_12_14 10, 2, 6, 14, 15, 7, 11
7_30_14 11, 3, 7, 15, 4, 12, 16
3_13_18 13, 5, 9
7_7_14 9, 1, 5, 13, 2, 10, 14
2_21_00 2, 10
8_26_02 4, 12, 16, 8, 5, 13, 1, 9
7_7_06 5, 13, 1, 9, 14, 6, 10
3_10_04 1, 9, 13
5_31_06 7, 15, 3, 11, 12
7_12_00 3, 11, 15, 7, 8, 16, 4
8_24_08 6, 14, 2, 10, 7, 15, 3, 11
8_30_08 8, 16, 4, 12, 5, 13, 1, 9
4_23_00 2, 10, 14, 6
4_31_00 4,12, 16, 8
2_2_20 7, 15
7_14_16 12, 4, 8, 16, 5, 13, 1
3_22_12 4, 12, 16
2_18_00 13, 5
8_18_04 3, 11, 15, 7, 4, 12, 16, 8
5_6_08 6, 14, 2, 10, 3
6_17_02 2, 10, 14, 6, 3, 11
2_5_00 2, 10
5_22_02 3, 11, 15, 7, 16
8_14_14 11, 3, 7, 15, 8, 16, 4, 12
1_27_02 12
4_10_18 12, 4, 8, 16
2_19_14 8, 16
4_5_18 11, 3, 7, 15
1_22_22 9
2_21_14 9, 1
1_10_02 16
4_6_00 2, 10, 14, 6
7_13_22 15, 7, 11, 3, 12, 4, 8
7_7_04 4, 12, 16, 8, 13, 5, 9
4_24_22 13, 5, 9, 1
1_5_02 3
5_19_02 2, 10, 14, 6, 11
7_14_18 13, 5, 9, 1, 6, 14, 2
3_14_04 2, 10, 14
3_4_16 5, 13, 9
3_11_10 8, 16, 12
8_11_02 4, 12, 16, 8, 5, 13, 1, 9
8_29_10 9, 1, 5, 13, 6, 14, 2, 10
5_27_02 4, 12, 16, 8, 13
6_22_14 9, 1, 5, 13, 6, 14
1_6_12 4
5_1_10 6, 14, 2, 10, 7
1_13_02 5
7_22_16 10, 2, 6, 14, 7, 15, 3
3_24_18 7, 15, 11
1_2_00 13
6_31_00 4, 12, 16, 8, 1, 9
6_8_18 11, 3, 7, 15, 8, 16
4_29_02 5, 13, 1, 9
6_29_02 5, 13, 1, 9, 2, 10
5_9_10 8, 16, 4, 12, 9
5_25_12 9, 1, 5, 13, 10
2_14_04 2, 10
3_10_20 9, 1, 5
3_31_12 10, 2, 14
2_22_22 9, 1
3_26_16 7, 15, 3
8_31_20 14, 6, 10, 2, 11, 3, 7, 15
4_20_20 11, 3, 7, 15
4_11_14 10, 2, 6, 14
3_8_10 3, 11, 7
7_16_12 10, 2, 6, 14, 11, 3, 7
5_28_22 14, 6, 10, 2, 3
2_8_00 14, 6
6_14_10 9, 1, 5, 13, 2, 10
6_13_20 14, 6, 10, 2, 11, 3
3_28_10 4, 12, 8
3_28_18 8, 16, 12
8_2_00 1, 9, 13, 5, 2, 10, 14, 6
6_1_16 9, 1, 5, 13, 10, 2
3_18_00 13, 5, 9
8_18_06 4, 12, 16, 8, 5, 13, 1, 9
5_10_04 5, 13, 1, 9, 2
7_18_14 8, 16, 4, 12, 5, 13, 1
4_14_04 6, 14, 2, 10
7_10_04 5, 13, 1, 9, 2, 10, 14
1_17_00 1
6_20_22 12, 4, 8, 16, 9, 1
3_22_16 6, 14, 2
2_8_14 5, 13
8_11_20 13, 5, 9, 1, 14, 6, 10, 2
6_29_04 6, 14, 2, 10, 3, 11
1_4_02 6
8_6_08 6, 14, 2, 10, 7, 15, 3, 11
1_12_16 15
1_12_22 2
1_26_16 7
7_3_00 1, 9, 13, 5, 10, 2, 6
5_11_12 9, 1, 5, 13, 2
6_18_22 12, 4, 8, 16, 9, 1
3_12_02 16, 8, 4
7_10_04 5, 13, 1, 9, 2, 10, 14
4_6_08 6, 14, 2, 10
8_11_20 13, 5, 9, 1, 14, 6, 10, 2
7_20_12 7, 15, 3, 11, 12, 4, 8
2_7_06 5, 13
1_2_16 5
8_7_02 3, 11, 15, 7, 4, 12, 16, 8
5_2_08 5, 13, 1, 9, 2
4_5_10 7, 15, 3, 11
3_4_16 5, 13, 9
8_13_18 13, 5, 9, 1, 10, 2, 6, 14
2_24_16 6, 14
7_3_00 1, 9, 13, 5, 10, 2, 6
2_8_20 8, 16
2_2_10 2, 10
6_31_18 13, 5, 9, 1, 10, 2
8_4_00 1, 9, 13, 5, 2, 10, 14, 6
8_31_20 14, 6, 10, 2, 11, 3, 7, 15
1_28_04 9
2_8_16 6, 14
6_20_14 8, 16, 4, 12, 5, 13
5_1_04 3, 11, 15, 7, 4
1_13_22 15
4_27_08 7, 15, 3, 11
6_31_00 4, 12, 16, 8, 1, 9
6_9_12 9, 1, 5, 13, 10, 2
4_6_16 10, 2, 6, 14
4_20_08 5, 13, 1, 9
3_16_10 5, 13, 9
7_2_04 3, 11, 15, 7, 16, 8, 12
8_24_12 8, 16, 4, 12, 9, 1, 5, 13
7_14_00 4, 12, 16, 8, 13, 5, 9
5_1_06 4, 12, 16, 8, 5
7_31_18 13, 5, 9, 1, 2, 10, 14
7_28_16 11, 3, 7, 15, 16, 8, 12
7_26_22 14, 6, 10, 2, 11, 3, 7
5_20_02 2, 10, 14, 6, 7
6_14_18 13, 5, 9, 1, 6, 14
4_22_04 4, 12, 16, 8
2_10_06 2, 10
3_4_22 8, 16, 12
7_19_20 11, 3, 7, 15, 4, 12, 16
2_14_22 11, 3
5_4_08 5, 13, 1, 9, 10
8_19_18 10, 2, 6, 14, 11, 3, 7, 15
3_12_22 10, 2, 14
6_6_02 3, 11, 15, 7, 16, 8
4_27_22 14, 6, 10, 2
4_8_16 10, 2, 6, 14
3_5_18 11, 3, 7
5_7_12 8, 16, 4, 12, 1
1_14_14 7
7_15_02 5, 13, 1, 9, 10, 2, 6
6_5_06 5, 13, 1, 9, 6, 14
3_10_22 10, 2, 6
6_17_06 4, 12, 16, 8, 5, 13
3_22_02 15, 7, 11
1_20_16 13
5_10_04 5, 13, 1, 9, 2
4_11_00 3, 11, 15, 7
1_26_12 5
4_18_12 7, 15, 3, 11
8_21_02 3, 11, 15, 7, 4, 12, 16, 8
4_15_04 6, 14, 2, 10
6_28_02 4, 12, 16, 8, 1, 9
5_20_10 6, 14, 2, 10, 11
5_17_06 4, 12, 16, 8, 5
1_25_18 12
3_27_02 4, 12, 8
5_4_10 6, 14, 2, 10, 11
5_30_14 11, 3, 7, 15, 4
1_8_12 12
1_19_08 13
5_14_18 13, 5, 9, 1, 6
5_3_18 10, 2, 6, 14, 3
2_20_02 14, 6
6_13_06 7, 15, 3, 11, 4, 12
4_8_16 10, 2, 6, 14
7_6_22 13, 5, 9, 1, 10, 2, 6
7_2_12 7, 15, 3, 11, 4, 12, 16
4_31_14 11, 3, 7, 15
3_28_22 10, 2, 14
8_14_12 10, 2, 6, 14, 7, 15, 3, 11
6_15_06 7, 15, 3, 11, 4, 12
4_21_14 9, 1, 5, 13
6_10_02 4, 12, 16, 8, 1, 9
3_21_14 9, 1, 5
4_23_04 4, 12, 16, 8
6_27_08 7, 15, 3, 11, 8, 16
1_24_10 11
5_2_00 1, 9, 13, 5, 14
6_12_02 4, 12, 16, 8, 1, 9
2_3_20 11, 3
7_11_02 4, 12, 16, 8, 13, 5, 9
6_7_00 2, 10, 14, 6, 3, 11
3_8_12 4, 12, 8
3_30_22 11, 3, 7
7_5_02 3, 11, 15, 7, 4, 12, 16
7_15_08 8, 16, 4, 12, 13, 5, 9
4_7_06 5, 13, 1, 9
5_19_00 1, 9, 13, 5, 10
4_10_14 10, 2, 6, 14
5_19_20 11, 3, 7, 15, 4
6_31_22 15, 7, 11, 3, 12, 4
3_31_00 4,12, 8
6_17_14 8, 16, 4, 12, 9, 1
4_24_06 5, 13, 1, 9
2_17_06 4, 12
8_17_04 3, 11, 15, 7, 4, 12, 16, 8
2_10_22 10, 2
2_2_14 4, 12
3_17_04 3, 11, 15
7_3_18 10, 2, 6, 14, 3, 11, 15
8_8_10 7, 15, 3, 11, 8, 16, 4, 12
8_4_18 10, 2, 6, 14, 11, 3, 7, 15
1_10_06 2
7_13_22 15, 7, 11, 3, 12, 4, 8
7_25_14 10, 2, 6, 14, 11, 3, 7
5_14_08 8, 16, 4, 12, 1
7_1_06 4, 12, 16, 8, 5, 13, 1
8_31_12 10, 2, 6, 14, 7, 15, 3, 11
6_18_02 2, 10, 14, 6, 15, 7
8_19_00 1, 9, 13, 5, 2, 10, 14, 6
2_3_04 3, 11
4_16_18 13, 5, 9, 1
2_11_16 11, 3
2_14_02 1, 9
6_7_04 4, 12, 16, 8, 5, 13
3_17_12 7, 15, 3
4_22_08 6, 14, 2, 10
6_7_16 10, 2, 6, 14, 11, 3
8_13_02 5, 13, 1, 9, 2, 10, 14, 6
4_12_22 14, 6, 10, 2
1_10_04 1
4_12_20 13, 5, 9, 1
3_7_06 5, 13, 9
6_26_00 3, 11, 15, 7, 16, 8
6_4_22 12, 4, 8, 16, 9, 1
4_26_06 6, 14, 2, 10
8_12_10 8, 16, 4, 12, 9, 1, 5, 13
5_20_08 5, 13, 1, 9, 10
7_7_14 9, 1, 5, 13, 2, 10, 14
5_28_22 14, 6, 10, 2, 3
7_30_16 12, 4, 8, 16, 5, 13, 1
1_25_02 4
7_24_22 13, 5, 9, 1, 2, 10, 14
2_8_20 8, 16
7_6_20 12, 4, 8, 16, 9, 1, 5
7_19_00 1, 9, 13, 5, 10, 2, 6
7_17_14 8, 16, 4, 12, 9, 1, 5
3_6_04 16, 8, 12
3_27_18 12, 4, 16
3_14_20 10, 2, 6
4_22_06 5, 13, 1, 9
4_27_02 4, 12, 16, 8
7_19_04 3, 11, 15, 7, 12, 4, 8
5_26_20 13, 5, 9, 1, 10
6_14_06 7, 15, 3, 11, 16, 8
1_12_08 11
4_26_02 4, 12, 16, 8
1_21_10 7
4_6_18 11, 3, 7, 15
1_6_02 15
6_15_16 12, 4, 8, 16, 9, 1
1_22_14 5
4_29_08 8, 16, 4, 12
6_10_00 3, 11, 15, 7, 16, 8
1_15_06 15
6_26_08 7, 15, 3, 11, 4, 12
7_17_06 4, 12, 16, 8, 5, 13, 1
7_1_10 6, 14, 2, 10, 7, 15, 3
2_16_08 4, 12
7_9_18 12, 4, 8, 16, 13, 5, 9
5_29_12 10, 2, 6, 14, 7
6_10_20 13, 5, 9, 1, 10, 2
7_27_04 5, 13, 1, 9, 14, 6, 10
2_17_00 1, 9
8_5_18 11, 3, 7, 15, 12, 4, 8, 16
4_7_08 6, 14, 2, 10
5_2_20 11, 3, 7, 15, 8
4_26_18 12, 4, 8, 16
5_22_12 8, 16, 4, 12, 5
6_2_00 1, 9, 13, 5, 14, 6
6_23_12 8, 16, 4, 12, 9, 1
8_30_02 5, 13, 1, 9, 2, 10, 14, 6
2_8_10 3, 11
1_27_16 3
1_20_02 6
7_31_16 12, 4, 8, 16, 1, 9, 13
1_22_12 4
8_26_22 14, 6, 10, 2, 15, 7, 11, 3
5_7_22 13, 5, 9, 1, 6
7_23_00 2, 10, 14, 6, 11, 3, 7
4_18_22 12, 4, 8, 16
8_8_14 9, 1, 5, 13, 10, 2, 6, 14
6_17_14 8, 16, 4, 12, 9, 1
7_24_02 3, 11, 15, 7, 8, 16, 4
5_17_14 8, 16, 4, 12, 9
3_22_22 9, 1, 5
4_18_16 9, 1, 5, 13
7_15_10 9, 1, 5, 13, 14, 6, 10
8_2_20 11, 3, 7, 15, 12, 4, 8, 16
8_1_10 6, 14, 2, 10, 7, 15, 3, 11
4_27_06 6, 14, 2, 10
2_21_18 11, 3
7_31_10 9, 1, 5, 13, 14, 6, 10
4_29_12 10, 2, 6, 14
5_20_00 1, 9, 13, 5, 6
1_16_22 3
2_11_14 10, 2
8_9_14 10, 2, 6, 14, 11, 3, 7, 15
4_20_04 3, 11, 15, 7
7_26_02 4, 12, 16, 8, 1, 9, 13
7_8_20 12, 4, 8, 16, 1, 9, 13
8_30_20 14, 6, 10, 2, 11, 3, 7, 15
4_20_02 2, 10, 14, 6
6_24_10 7, 15, 3, 11, 4, 12
7_26_04 5, 13, 1, 9, 2, 10, 14
3_4_20 7, 15, 11
7_16_06 7, 15, 3, 11, 8, 16, 4
7_14_16 12, 4, 8, 16, 5, 13, 1
6_27_22 14, 6, 10, 2, 15, 7
7_24_04 4, 12, 16, 8, 9, 1, 5
7_25_20 13, 5, 9, 1, 14, 6, 10
5_17_18 10, 2, 6, 14, 11
6_4_14 8, 16, 4, 12, 5, 13
5_7_06 5, 13, 1, 9, 14
3_15_08 8, 16, 12
2_28_14 6, 14
4_23_16 10, 2, 6, 14
8_15_22 15, 7, 11, 3, 12, 4, 8, 16
6_7_02 3, 11, 15, 7, 4, 12
7_25_18 12, 4, 8, 16, 13, 5, 9
6_16_14 11, 3, 7, 15, 4, 12
6_18_10 6, 14, 2, 10, 3, 11
5_21_16 10, 2, 6, 14, 11
7_25_08 7, 15, 3, 11, 8, 16, 4
2_21_10 7, 15
8_3_06 4, 12, 16, 8, 5, 13, 1, 9
8_21_06 5, 13, 1, 9, 6, 14, 2, 10
3_3_06 4, 12, 8
1_17_16 9
5_12_22 14, 6, 10, 2, 3
6_31_02 5, 13, 1, 9, 2, 10
2_31_14 11, 3
1_17_00 1
6_28_10 8, 16, 4, 12, 5, 13
7_5_16 10, 2, 6, 14, 11, 3, 7
5_20_14 8, 16, 4, 12, 13
4_29_22 15, 7, 11, 3
3_2_18 6, 14, 2
2_13_00 4,12
6_19_12 7, 15, 3, 11, 8, 16
2_22_04 16, 8
1_26_02 16
6_6_02 3, 11, 15, 7, 16, 8
7_15_12 10, 2, 6, 14, 15, 7, 11
4_31_12 10, 2, 6, 14
2_20_10 2, 10
6_30_08 8, 16, 4, 12, 1, 9
3_1_16 9, 1, 5
3_28_06 2, 10, 6
1_27_16 3
7_31_18 13, 5, 9, 1, 2, 10, 14
4_26_06 6, 14, 2, 10
6_5_10 7, 15, 3, 11, 8, 16
3_13_06 7, 15, 3
4_19_02 2, 10, 14, 6
5_15_00 4, 12, 16, 8, 9
5_1_02 2, 10, 14, 6, 3
4_14_18 13, 5, 9, 1
6_11_00 3, 11, 15, 7, 4, 12
8_3_22 12, 4, 8, 16, 13, 5, 9, 1
4_19_18 10, 2, 6, 14
4_19_08 5, 13, 1, 9
8_10_08 7, 15, 3, 11, 8, 16, 4, 12
5_12_22 14, 6, 10, 2, 3
3_11_18 12, 4, 16
8_13_12 10, 2, 6, 14, 7, 15, 3, 11
4_12_04 5, 13, 1, 9
6_30_10 9, 1, 5, 13, 2, 10
8_22_16 10, 2, 6, 14, 11, 3, 7, 15
7_14_12 10, 2, 6, 14, 3, 11, 15
3_8_20 8, 16, 12
7_20_00 1, 9, 13, 5, 6, 14, 2
7_1_12 7, 15, 3, 11, 8, 16, 4
7_14_10 9, 1, 5, 13, 2, 10, 14
8_31_22 15, 7, 11, 3, 12, 4, 8, 16
7_24_12 8, 16, 4, 12, 13, 5, 9
6_25_06 6, 14, 2, 10, 7, 15
8_2_00 1, 9, 13, 5, 2, 10, 14, 6
1_23_08 14
2_26_22 10, 2
8_16_00 4, 12, 16, 8, 1, 9, 13, 5
5_31_00 4, 12, 16, 8, 9
7_25_22 14, 6, 10, 2, 15, 7, 11
6_15_00 4, 12, 16, 8, 1, 9
2_30_08 4, 12
2_27_20 13, 5
6_1_04 3, 11, 15, 7, 4, 12
2_23_18 11, 3
2_2_14 4, 12
1_22_22 9
1_18_08 1
3_6_06 1, 9, 13
3_30_14 7, 15, 3
6_14_08 8, 16, 4, 12, 1, 9
4_16_02 5, 13, 1, 9
4_5_14 9, 1, 5, 13
3_22_20 8, 16, 4
3_3_08 5, 13, 9
6_12_14 10, 2, 6, 14, 7, 15
5_9_02 4, 12, 16, 8, 5
7_28_08 7, 15, 3, 11, 12, 4, 8
5_19_14 8, 16, 4, 12, 1
5_5_10 7, 15, 3, 11, 8
6_8_12 8, 16, 4, 12, 5, 13
1_29_14 11
8_12_22 14, 6, 10, 2, 15, 7, 11, 3
8_1_04 3, 11, 15, 7, 4, 12, 16, 8
8_26_08 7, 15, 3, 11, 8, 16, 4, 12
3_25_08 7, 15, 3
5_14_18 13, 5, 9, 1, 6
6_28_18 12, 4, 8, 16, 9, 1
7_14_22 15, 7, 11, 3, 8, 16, 4
1_23_20 4
2_12_04 1, 9
3_27_20 13, 5, 1
4_3_14 8, 16, 4, 12
2_20_12 3, 11
3_15_22 15, 7, 3
2_21_12 8, 16
4_7_00 2, 10, 14, 6
7_11_22 14, 6, 10, 2, 7, 15, 3
7_26_14 10, 2, 6, 14, 7, 15, 3
3_14_18 9, 1, 5
4_6_04 4, 12, 16, 8
4_3_14 8, 16, 4, 12
2_24_22 9, 1
2_25_00 3, 11
7_24_00 2, 10, 14, 6, 7, 15, 3
7_7_00 2, 10, 14, 6, 11, 3, 7
7_24_12 8, 16, 4, 12, 13, 5, 9
2_3_14 8, 16
6_31_06 7, 15, 3, 11, 4, 12
3_20_02 14, 6, 2
4_13_16 12, 4, 8, 16
7_27_12 9, 1, 5, 13, 2, 10, 14
5_26_02 4, 12, 16, 8, 1
2_5_00 2, 10
8_6_16 10, 2, 6, 14, 11, 3, 7, 15
2_6_14 5, 13
6_10_22 14, 6, 10, 2, 11, 3
6_8_22 13, 5, 9, 1, 10, 2
5_25_16 11, 3, 7, 15, 12
4_26_06 6, 14, 2, 10
5_7_14 9, 1, 5, 13, 2
5_17_20 11, 3, 7, 15, 12
8_9_20 13, 5, 9, 1, 14, 6, 10, 2
7_17_18 10, 2, 6, 14, 11, 3, 7
7_13_06 7, 15, 3, 11, 4, 12, 16
1_10_04 1
1_11_00 11
1_15_20 6
6_1_12 7, 15, 3, 11, 8, 16
5_24_22 13, 5, 9, 1, 2
1_25_02 4
2_17_12 7, 15
1_25_10 8
2_14_14 7, 15
6_13_16 12, 4, 8, 16, 9, 1
6_13_22 15, 7, 11, 3, 12, 4
7_18_22 12, 4, 8, 16, 9, 1, 5
7_29_04 6, 14, 2, 10, 3, 11, 15
5_28_14 10, 2, 6, 14, 15
1_3_18 2
2_22_06 1, 9
6_5_20 12, 4, 8, 16, 13, 5
8_16_10 9, 1, 5, 13, 6, 14, 2, 10
2_6_04 16, 8
3_20_10 2, 10, 6
3_29_18 13, 5, 9
4_15_02 5, 13, 1, 9
3_23_20 12, 4, 16
1_4_10 10
2_4_00 13, 5
2_4_16 5, 13
3_31_12 10, 2, 14
5_14_12 10, 2, 6, 14, 3
6_29_04 6, 14, 2, 10, 3, 11
7_8_08 6, 14, 2, 10, 11, 3, 7
6_10_10 8, 16, 4, 12, 5, 13
5_18_22 12, 4, 8, 16, 9
8_21_20 12, 4, 8, 16, 13, 5, 9, 1
4_28_02 4, 12, 16, 8
3_3_00 1, 9, 5
7_10_02 4, 12, 16, 8, 1, 9, 13
8_8_14 9, 1, 5, 13, 10, 2, 6, 14
4_14_06 7, 15, 3, 11
4_27_00 3, 11, 15, 7
5_21_16 10, 2, 6, 14, 11
7_7_16 10, 2, 6, 14, 3, 11, 15
2_28_00 15, 7
7_6_02 3, 11, 15, 7, 16, 8, 12
8_19_02 2, 10, 14, 6, 3, 11, 15, 7
3_29_16 12, 4, 8
8_20_08 5, 13, 1, 9, 6, 14, 2, 10
6_12_06 6, 14, 2, 10, 3, 11
8_14_08 8, 16, 4, 12, 5, 13, 1, 9
8_26_08 7, 15, 3, 11, 8, 16, 4, 12
8_3_18 10, 2, 6, 14, 11, 3, 7, 15
4_30_12 10, 2, 6, 14
3_12_16 7, 15, 11
6_9_12 9, 1, 5, 13, 10, 2
8_24_22 13, 5, 9, 1, 14, 6, 10, 2
7_29_00 4, 12, 16, 8, 1, 9, 13
5_6_06 5, 13, 1, 9, 2
5_14_12 10, 2, 6, 14, 3
5_4_06 4, 12, 16, 8, 9
7_8_00 2, 10, 14, 6, 7, 15, 3
7_14_12 10, 2, 6, 14, 3, 11, 15
3_31_16 12, 4, 16
1_4_20 15
1_3_16 1
6_4_18 10, 2, 6, 14, 7, 15
4_9_16 11, 3, 7, 15
6_24_12 8, 16, 4, 12, 5, 13
5_17_12 7, 15, 3, 11, 8
4_7_10 7, 15, 3, 11
6_16_10 9, 1, 5, 13, 2, 10
3_6_12 4, 12, 16
1_27_20 5
7_7_00 2, 10, 14, 6, 11, 3, 7
1_30_02 1
1_28_06 10
6_11_06 6, 14, 2, 10, 7, 15
6_5_10 7, 15, 3, 11, 8, 16
1_21_04 4
5_11_18 12, 4, 8, 16, 5
4_5_08 6, 14, 2, 10
3_2_08 1, 9, 13
6_22_20 12, 4, 8, 16, 9, 1
1_26_10 4
2_15_08 8, 16
3_25_00 3, 11, 15
3_24_20 8, 16, 12
5_9_22 14, 6, 10, 2, 15
1_30_18 9
8_27_08 7, 15, 3, 11, 8, 16, 4, 12
5_21_06 5, 13, 1, 9, 6
5_6_08 6, 14, 2, 10, 3
6_3_06 4, 12, 16, 8, 5, 13
3_16_10 5, 13, 9
1_14_10 5
3_8_20 8, 16, 12
5_11_08 7, 15, 3, 11, 16
1_9_16 11
5_11_10 8, 16, 4, 12, 1
2_3_14 8, 16
5_29_00 4, 12, 16, 8, 1
2_18_18 6, 14
6_9_02 4, 12, 16, 8, 5, 13
1_22_00 14
8_25_20 13, 5, 9, 1, 14, 6, 10, 2
2_13_16 12, 4
5_31_08 8, 16, 4, 12, 13
7_1_06 4, 12, 16, 8, 5, 13, 1
2_29_18 13, 5
4_29_16 12, 4, 8, 16
7_1_08 5, 13, 1, 9, 6, 14, 2
7_3_16 9, 1, 5, 13, 2, 10, 14
1_7_12 16
8_9_06 6, 14, 2, 10, 7, 15, 3, 11
2_12_02 16, 8
4_29_22 15, 7, 11, 3
3_27_00 3, 11, 7
7_10_14 10, 2, 6, 14, 7, 15, 3
8_27_16 11, 3, 7, 15, 12, 4, 8, 16
4_6_16 10, 2, 6, 14
4_18_02 2, 10, 14, 6
7_20_22 12, 4, 8, 16, 1, 9, 13
6_3_02 2, 10, 14, 6, 3, 11
3_24_12 4, 12, 8
2_19_04 3, 11
4_17_14 8, 16, 4, 12
6_26_12 9, 1, 5, 13, 6, 14
7_15_02 5, 13, 1, 9, 10, 2, 6
4_2_12 7, 15, 3, 11
2_6_00 14, 6
8_4_14 8, 16, 4, 12, 9, 1, 5, 13
3_3_14 8, 16, 12
8_2_00 1, 9, 13, 5, 2, 10, 14, 6
5_13_20 14, 6, 10, 2, 11
5_23_12 8, 16, 4, 12, 1
7_14_20 14, 6, 10, 2, 7, 15, 3
4_25_12 9, 1, 5, 13
6_20_10 6, 14, 2, 10, 3, 11
2_24_10 3, 11
8_8_16 10, 2, 6, 14, 11, 3, 7, 15
3_2_08 1, 9, 13
3_30_14 7, 15, 3
4_25_04 5, 13, 1, 9
1_15_18 5
1_19_10 14
6_2_04 3, 11, 15, 7, 16, 8
3_8_18 7, 15, 11
5_3_10 6, 14, 2, 10, 15
7_19_04 3, 11, 15, 7, 12, 4, 8
2_29_16 12, 4
4_12_04 5, 13, 1, 9
7_27_22 14, 6, 10, 2, 7, 15, 3
5_23_16 10, 2, 6, 14, 3
3_24_10 3, 11, 7
6_21_14 9, 1, 5, 13, 10, 2
8_15_14 11, 3, 7, 15, 8, 16, 4, 12
3_4_08 1, 9, 5
5_16_04 6, 14, 2, 10, 7
2_18_14 4, 12
3_5_18 11, 3, 7
4_21_00 2, 10, 14, 6
5_30_20 14, 6, 10, 2, 7
7_15_14 11, 3, 7, 15, 16, 8, 12
1_31_16 4
2_5_04 4, 12
7_23_02 3, 11, 15, 7, 12, 4, 8
5_9_04 5, 13, 1, 9, 6
6_7_02 3, 11, 15, 7, 4, 12
8_19_20 11, 3, 7, 15, 12, 4, 8, 16
4_28_06 6, 14, 2, 10
3_7_06 5, 13, 9
2_18_12 3, 11
8_4_10 6, 14, 2, 10, 7, 15, 3, 11
3_10_06 2, 10, 14
3_1_02 2, 10, 14
4_22_12 8, 16, 4, 12
7_26_00 3, 11, 15, 7, 16, 8, 12
3_16_16 8, 16, 12
1_10_08 3
8_1_10 6, 14, 2, 10, 7, 15, 3, 11
8_1_14 8, 16, 4, 12, 9, 1, 5, 13
4_30_16 12, 4, 8, 16
8_2_22 12, 4, 8, 16, 13, 5, 9, 1
5_12_20 13, 5, 9, 1, 2
7_18_16 9, 1, 5, 13, 6, 14, 2
1_19_04 11
7_4_20 11, 3, 7, 15, 16, 8, 12
2_20_12 3, 11
3_8_02 15, 7, 3
1_9_22 14
2_2_04 15, 7
6_6_12 8, 16, 4, 12, 5, 13
5_14_00 4, 12, 16, 8, 13
7_13_20 14, 6, 10, 2, 11, 3, 7
8_16_12 10, 2, 6, 14, 7, 15, 3, 11
3_23_06 5, 13, 9
1_1_22 12
8_26_00 3, 11, 15, 7, 4, 12, 16, 8
4_17_14 8, 16, 4, 12
3_19_16 9, 1, 13
5_14_06 7, 15, 3, 11, 16
2_6_18 7, 15
3_1_22 12, 4, 8
6_13_22 15, 7, 11, 3, 12, 4
3_21_10 7, 15, 3
4_3_02 2, 10, 14, 6
1_8_18 15
7_15_04 6, 14, 2, 10, 11, 3, 7
2_5_22 13, 5
7_2_18 10, 2, 6, 14, 7, 15, 3
2_3_20 11, 3
7_31_04 6, 14, 2, 10, 11, 3, 7
3_14_22 11, 3, 7
6_29_14 11, 3, 7, 15, 8, 16
5_22_22 13, 5, 9, 1, 10
8_20_22 12, 4, 8, 16, 13, 5, 9, 1
2_20_02 14, 6
5_11_10 8, 16, 4, 12, 1
7_2_12 7, 15, 3, 11, 4, 12, 16
4_14_00 4,12, 16, 8
5_29_12 10, 2, 6, 14, 7
2_6_00 14, 6
4_28_12 9, 1, 5, 13
2_23_22 13, 5
8_17_16 9, 1, 5, 13, 10, 2, 6, 14
5_29_14 11, 3, 7, 15, 8
4_16_22 15, 7, 11, 3
8_3_14 8, 16, 4, 12, 9, 1, 5, 13
5_11_20 13, 5, 9, 1, 6
6_5_22 13, 5, 9, 1, 14, 6
7_9_04 5, 13, 1, 9, 6, 14, 2
2_31_16 12, 4
7_26_14 10, 2, 6, 14, 7, 15, 3
8_22_14 9, 1, 5, 13, 10, 2, 6, 14
6_25_04 5, 13, 1, 9, 6, 14
3_4_16 5, 13, 9
7_16_06 7, 15, 3, 11, 8, 16, 4
1_15_14 3
7_12_12 9, 1, 5, 13, 14, 6, 10
4_23_18 11, 3, 7, 15
1_2_22 8
1_4_06 8
7_25_18 12, 4, 8, 16, 13, 5, 9
6_12_04 5, 13, 1, 9, 2, 10
5_30_12 10, 2, 6, 14, 3
4_2_12 7, 15, 3, 11
3_3_16 9, 1, 13
4_17_00 1, 9, 13, 5
3_31_20 14, 6, 2
8_25_00 3, 11, 15, 7, 4, 12, 16, 8
6_16_16 12, 4, 8, 16, 5, 13
7_23_00 2, 10, 14, 6, 11, 3, 7
8_10_08 7, 15, 3, 11, 8, 16, 4, 12
7_27_00 3, 11, 15, 7, 12, 4, 8
4_22_08 6, 14, 2, 10
5_25_02 4, 12, 16, 8, 5
7_31_10 9, 1, 5, 13, 14, 6, 10
7_6_12 8, 16, 4, 12, 5, 13, 1
7_13_14 11, 3, 7, 15, 8, 16, 4
2_31_18 13, 5
6_12_00 3, 11, 15, 7, 16, 8
4_16_08 8, 16, 4, 12
3_24_14 5, 13, 9
6_5_14 9, 1, 5, 13, 10, 2
7_13_22 15, 7, 11, 3, 12, 4, 8
6_24_22 13, 5, 9, 1, 10, 2
3_3_12 7, 15, 11
7_17_16 9, 1, 5, 13, 10, 2, 6
3_10_04 1, 9, 13
5_12_08 7, 15, 3, 11, 12
1_22_18 7
8_26_08 7, 15, 3, 11, 8, 16, 4, 12
8_22_02 3, 11, 15, 7, 4, 12, 16, 8
4_18_18 10, 2, 6, 14
6_22_02 3, 11, 15, 7, 16, 8
3_21_10 7, 15, 3
5_30_16 12, 4, 8, 16, 5
6_29_14 11, 3, 7, 15, 8, 16
6_27_00 3, 11, 15, 7, 4, 12
2_13_06 7, 15
3_6_06 1, 9, 13
1_21_22 13
3_6_06 1, 9, 13
3_29_02 5, 13, 1
7_25_20 13, 5, 9, 1, 14, 6, 10
4_5_10 7, 15, 3, 11
3_21_00 2, 10, 14
8_5_14 9, 1, 5, 13, 10, 2, 6, 14
4_17_18 10, 2, 6, 14
8_10_16 11, 3, 7, 15, 12, 4, 8, 16
3_26_12 5, 13, 1
2_1_02 2, 10
2_5_06 5, 13
1_12_18 16
2_28_16 7, 15
2_6_18 7, 15
7_10_14 10, 2, 6, 14, 7, 15, 3
8_21_14 9, 1, 5, 13, 10, 2, 6, 14
7_8_04 4, 12, 16, 8, 9, 1, 5