2_29_18 13, 5
6_11_10 8, 16, 4, 12, 9, 1
5_26_08 7, 15, 3, 11, 4
5_21_22 13, 5, 9, 1, 14
5_5_06 5, 13, 1, 9, 6
1_1_20 11
3_26_20 9, 1, 5
6_26_08 7, 15, 3, 11, 4, 12
4_16_00 4,12, 16, 8
5_3_00 1, 9, 13, 5, 10
7_19_02 2, 10, 14, 6, 11, 3, 7
4_1_02 2, 10, 14, 6
1_22_20 8
5_2_16 9, 1, 5, 13, 6
8_25_22 14, 6, 10, 2, 15, 7, 11, 3
3_8_04 16, 8, 4
8_4_04 3, 11, 15, 7, 4, 12, 16, 8
7_22_14 9, 1, 5, 13, 6, 14, 2
2_18_20 7, 15
2_29_10 9, 1
7_22_16 10, 2, 6, 14, 7, 15, 3
2_21_04 4, 12
7_5_16 10, 2, 6, 14, 11, 3, 7
2_29_02 5, 13
3_12_18 8, 16, 12
4_15_00 4,12, 16, 8
2_9_12 9, 1
2_21_18 11, 3
5_1_18 10, 2, 6, 14, 11
5_22_08 6, 14, 2, 10, 3
7_8_16 10, 2, 6, 14, 15, 7, 11
3_17_20 11, 3, 7
3_26_12 5, 13, 1
5_8_22 13, 5, 9, 1, 2
2_8_12 4, 12
1_11_22 6
4_9_16 11, 3, 7, 15
5_14_12 10, 2, 6, 14, 3
6_2_10 6, 14, 2, 10, 3, 11
4_3_06 4, 12, 16, 8
6_20_16 9, 1, 5, 13, 6, 14
6_21_14 9, 1, 5, 13, 10, 2
8_30_06 7, 15, 3, 11, 4, 12, 16, 8
8_29_18 13, 5, 9, 1, 10, 2, 6, 14
1_1_18 10
4_21_02 3, 11, 15, 7
1_9_22 14
3_9_00 3, 11, 15
1_4_00 5
4_5_06 5, 13, 1, 9
6_9_12 9, 1, 5, 13, 10, 2
4_16_20 14, 6, 10, 2
2_12_10 4, 12
1_31_14 3
8_26_06 6, 14, 2, 10, 7, 15, 3, 11
3_7_14 9, 1, 13
1_24_12 12
4_20_22 12, 4, 8, 16
5_2_04 3, 11, 15, 7, 16
6_3_06 4, 12, 16, 8, 5, 13
6_25_00 3, 11, 15, 7, 4, 12
7_1_00 1, 9, 13, 5, 2, 10, 14
3_19_06 4, 12, 8
6_23_12 8, 16, 4, 12, 9, 1
6_28_22 14, 6, 10, 2, 11, 3
2_11_22 14, 6
1_31_16 4
4_24_04 4, 12, 16, 8
3_22_20 8, 16, 4
2_23_14 9, 1
2_21_04 4, 12
8_9_00 3, 11, 15, 7, 4, 12, 16, 8
4_2_04 3, 11, 15, 7
4_20_16 9, 1, 5, 13
2_28_14 6, 14
6_27_16 11, 3, 7, 15, 12, 4
6_3_10 6, 14, 2, 10, 7, 15
5_19_10 6, 14, 2, 10, 15
8_16_06 7, 15, 3, 11, 4, 12, 16, 8
2_5_06 5, 13
6_27_18 12, 4, 8, 16, 13, 5
4_3_04 3, 11, 15, 7
5_4_02 2, 10, 14, 6, 7
6_26_20 13, 5, 9, 1, 10, 2
8_6_12 8, 16, 4, 12, 9, 1, 5, 13
7_23_12 8, 16, 4, 12, 1, 9, 13
2_26_16 7, 15
2_17_20 11, 3
5_14_18 13, 5, 9, 1, 6
6_9_14 10, 2, 6, 14, 11, 3
7_10_08 7, 15, 3, 11, 4, 12, 16
2_16_22 11, 3
5_16_14 11, 3, 7, 15, 12
1_4_00 5
6_19_04 3, 11, 15, 7, 4, 12
4_3_22 12, 4, 8, 16
3_14_06 3, 11, 15
6_10_02 4, 12, 16, 8, 1, 9
3_28_14 6, 14, 10
1_30_16 8
1_6_10 3
3_24_16 6, 14, 10
2_30_00 16, 8
7_14_02 5, 13, 1, 9, 14, 6, 10
3_6_00 14, 6, 10
2_29_22 15, 7
6_13_18 13, 5, 9, 1, 10, 2
6_5_12 8, 16, 4, 12, 9, 1
6_17_00 1, 9, 13, 5, 2, 10
4_1_18 10, 2, 6, 14
7_12_12 9, 1, 5, 13, 14, 6, 10
4_29_02 5, 13, 1, 9
6_31_08 8, 16, 4, 12, 5, 13
8_24_10 7, 15, 3, 11, 8, 16, 4, 12
7_29_12 10, 2, 6, 14, 7, 15, 3
2_24_20 8, 16
6_8_14 9, 1, 5, 13, 6, 14
2_30_18 9, 1
2_16_14 7, 15
4_25_06 6, 14, 2, 10
3_10_06 2, 10, 14
6_31_18 13, 5, 9, 1, 10, 2
1_23_12 16
8_6_06 5, 13, 1, 9, 6, 14, 2, 10
2_6_16 6, 14
2_1_02 2, 10
7_17_22 12, 4, 8, 16, 13, 5, 9
2_18_18 6, 14
6_20_18 10, 2, 6, 14, 7, 15
8_10_14 10, 2, 6, 14, 11, 3, 7, 15
1_9_02 4
7_1_12 7, 15, 3, 11, 8, 16, 4
3_6_02 15, 7, 11
3_8_22 9, 1, 13
2_23_12 8, 16
8_23_10 7, 15, 3, 11, 8, 16, 4, 12
2_8_10 3, 11
2_10_20 9, 1
2_13_12 10, 2
2_31_04 6, 14
4_18_22 12, 4, 8, 16
6_4_04 3, 11, 15, 7, 16, 8
1_17_10 6
5_4_00 1, 9, 13, 5, 6
3_3_20 11, 3, 15
6_17_10 6, 14, 2, 10, 7, 15
1_12_04 9
1_5_04 4
1_6_10 3
5_18_12 7, 15, 3, 11, 4
1_6_14 5
7_13_06 7, 15, 3, 11, 4, 12, 16
8_13_16 12, 4, 8, 16, 9, 1, 5, 13
5_3_22 12, 4, 8, 16, 5
6_9_12 9, 1, 5, 13, 10, 2
2_2_16 5, 13
3_14_00 16, 8, 12
7_10_18 12, 4, 8, 16, 9, 1, 5
1_12_08 11
1_4_14 12
4_1_10 6, 14, 2, 10
8_5_14 9, 1, 5, 13, 10, 2, 6, 14
2_18_04 15, 7
6_18_00 1, 9, 13, 5, 14, 6
3_20_22 8, 16, 12
6_15_10 9, 1, 5, 13, 6, 14
7_21_02 3, 11, 15, 7, 4, 12, 16
6_1_02 2, 10, 14, 6, 3, 11
6_23_20 12, 4, 8, 16, 13, 5
2_17_22 12, 4
5_24_14 9, 1, 5, 13, 14
3_18_04 15, 7, 11
4_27_12 9, 1, 5, 13
5_25_14 10, 2, 6, 14, 11
2_25_02 4, 12
8_28_12 9, 1, 5, 13, 10, 2, 6, 14
2_13_02 5, 13
8_25_22 14, 6, 10, 2, 15, 7, 11, 3
6_5_04 4, 12, 16, 8, 5, 13
7_12_02 4, 12, 16, 8, 9, 1, 5
3_9_00 3, 11, 15
1_7_22 5
8_24_20 12, 4, 8, 16, 13, 5, 9, 1
3_5_10 7, 15, 3
1_5_20 12
5_16_08 8, 16, 4, 12, 9
6_9_08 7, 15, 3, 11, 8, 16
5_16_02 5, 13, 1, 9, 6
8_14_00 4, 12, 16, 8, 1, 9, 13, 5
5_18_20 11, 3, 7, 15, 8
1_31_04 14
2_7_06 5, 13
5_6_18 11, 3, 7, 15, 8
7_13_02 5, 13, 1, 9, 2, 10, 14
3_3_14 8, 16, 12
5_18_12 7, 15, 3, 11, 4
8_29_16 12, 4, 8, 16, 9, 1, 5, 13
2_31_06 7, 15
5_23_00 2, 10, 14, 6, 11
2_21_02 3, 11
3_28_14 6, 14, 10
6_20_16 9, 1, 5, 13, 6, 14
2_21_02 3, 11
5_18_20 11, 3, 7, 15, 8
8_20_22 12, 4, 8, 16, 13, 5, 9, 1
3_7_12 8, 16, 12
7_2_14 8, 16, 4, 12, 5, 13, 1
8_9_08 7, 15, 3, 11, 8, 16, 4, 12
5_8_16 10, 2, 6, 14, 15
4_8_20 12, 4, 8, 16
6_28_14 10, 2, 6, 14, 7, 15
8_30_06 7, 15, 3, 11, 4, 12, 16, 8
7_15_04 6, 14, 2, 10, 11, 3, 7
8_30_22 15, 7, 11, 3, 12, 4, 8, 16
2_26_14 6, 14
1_1_00 1
4_28_02 4, 12, 16, 8
6_3_10 6, 14, 2, 10, 7, 15
8_31_22 15, 7, 11, 3, 12, 4, 8, 16
7_30_06 7, 15, 3, 11, 16, 8, 12
8_10_00 3, 11, 15, 7, 4, 12, 16, 8
4_29_20 14, 6, 10, 2
6_28_16 11, 3, 7, 15, 8, 16
5_9_18 12, 4, 8, 16, 13
1_29_14 11
6_19_04 3, 11, 15, 7, 4, 12
1_19_06 12
3_16_22 11, 3, 15
3_30_16 8, 16, 4
4_18_22 12, 4, 8, 16
4_3_18 10, 2, 6, 14
3_7_20 12, 4, 16
1_20_18 14
1_9_00 3
5_10_06 6, 14, 2, 10, 3
2_9_00 3, 11
6_24_14 9, 1, 5, 13, 6, 14
5_13_00 4, 12, 16, 8, 1
8_21_00 2, 10, 14, 6, 3, 11, 15, 7
7_25_00 3, 11, 15, 7, 4, 12, 16
6_9_12 9, 1, 5, 13, 10, 2
3_3_20 11, 3, 15
7_20_02 2, 10, 14, 6, 7, 15, 3
6_8_04 4, 12, 16, 8, 1, 9
7_31_16 12, 4, 8, 16, 1, 9, 13
8_27_02 4, 12, 16, 8, 5, 13, 1, 9
1_26_22 10
4_17_06 4, 12, 16, 8
4_26_14 10, 2, 6, 14
6_31_22 15, 7, 11, 3, 12, 4
1_2_18 6
1_4_04 7
2_1_22 12, 4
8_2_12 7, 15, 3, 11, 8, 16, 4, 12
6_1_14 8, 16, 4, 12, 9, 1
8_23_08 6, 14, 2, 10, 7, 15, 3, 11
4_26_02 4, 12, 16, 8
6_30_22 15, 7, 11, 3, 8, 16
5_21_22 13, 5, 9, 1, 14
4_21_16 10, 2, 6, 14
5_9_08 7, 15, 3, 11, 8
1_17_22 12
8_18_02 2, 10, 14, 6, 3, 11, 15, 7
6_12_08 7, 15, 3, 11, 4, 12
6_26_22 14, 6, 10, 2, 11, 3
3_30_22 11, 3, 7
8_28_02 4, 12, 16, 8, 5, 13, 1, 9
8_5_22 13, 5, 9, 1, 14, 6, 10, 2
3_1_06 4, 12, 16
1_22_02 15
7_27_04 5, 13, 1, 9, 14, 6, 10
6_23_22 13, 5, 9, 1, 14, 6
2_3_12 7, 15
5_31_12 10, 2, 6, 14, 15
7_26_14 10, 2, 6, 14, 7, 15, 3
6_6_14 9, 1, 5, 13, 6, 14
7_6_12 8, 16, 4, 12, 5, 13, 1
4_5_20 12, 4, 8, 16
4_19_18 10, 2, 6, 14
1_29_16 12
2_8_18 7, 15
5_15_00 4, 12, 16, 8, 9
5_4_14 8, 16, 4, 12, 13
5_10_06 6, 14, 2, 10, 3
1_16_12 14
3_13_04 6, 14, 2
8_15_18 13, 5, 9, 1, 10, 2, 6, 14
2_18_14 4, 12
7_11_10 8, 16, 4, 12, 1, 9, 13
1_24_14 13
5_22_18 11, 3, 7, 15, 8
8_27_08 7, 15, 3, 11, 8, 16, 4, 12
7_15_14 11, 3, 7, 15, 16, 8, 12
4_26_18 12, 4, 8, 16
6_1_16 9, 1, 5, 13, 10, 2
2_2_00 13, 5
2_28_02 16, 8
6_2_18 10, 2, 6, 14, 7, 15
1_5_18 11
2_3_20 11, 3
6_19_06 4, 12, 16, 8, 5, 13
7_8_20 12, 4, 8, 16, 1, 9, 13
8_10_00 3, 11, 15, 7, 4, 12, 16, 8
5_8_20 12, 4, 8, 16, 1
4_28_02 4, 12, 16, 8
6_12_00 3, 11, 15, 7, 16, 8
6_20_08 5, 13, 1, 9, 2, 10
5_23_14 9, 1, 5, 13, 2
4_2_10 6, 14, 2, 10
6_17_02 2, 10, 14, 6, 3, 11
8_14_14 11, 3, 7, 15, 8, 16, 4, 12
4_18_20 11, 3, 7, 15
6_27_08 7, 15, 3, 11, 8, 16
6_25_02 4, 12, 16, 8, 5, 13
4_10_04 5, 13, 1, 9
7_29_14 11, 3, 7, 15, 8, 16, 4
8_18_00 1, 9, 13, 5, 2, 10, 14, 6
8_25_14 10, 2, 6, 14, 11, 3, 7, 15
4_4_10 6, 14, 2, 10
3_29_12 10, 2, 6
5_31_12 10, 2, 6, 14, 15
8_16_16 12, 4, 8, 16, 9, 1, 5, 13
3_14_22 11, 3, 7
4_10_14 10, 2, 6, 14
6_12_02 4, 12, 16, 8, 1, 9
2_30_04 2, 10
8_5_14 9, 1, 5, 13, 10, 2, 6, 14
7_17_14 8, 16, 4, 12, 9, 1, 5
5_30_16 12, 4, 8, 16, 5
4_4_16 9, 1, 5, 13
7_9_10 8, 16, 4, 12, 9, 1, 5
1_18_04 15
6_6_00 2, 10, 14, 6, 15, 7
2_1_02 2, 10
3_30_14 7, 15, 3
3_2_00 13, 5, 9
7_29_00 4, 12, 16, 8, 1, 9, 13
3_27_04 5, 13, 9
7_8_22 13, 5, 9, 1, 2, 10, 14
3_8_06 1, 9, 5
7_17_12 7, 15, 3, 11, 8, 16, 4
1_8_04 8
2_6_16 6, 14
3_6_08 2, 10, 14
4_26_06 6, 14, 2, 10
6_17_12 7, 15, 3, 11, 8, 16
5_26_08 7, 15, 3, 11, 4
1_22_00 14
6_14_02 5, 13, 1, 9, 14, 6
2_11_10 8, 16
3_3_04 3, 11, 7
2_7_12 8, 16
6_30_04 6, 14, 2, 10, 15, 7
7_14_12 10, 2, 6, 14, 3, 11, 15
8_10_06 6, 14, 2, 10, 7, 15, 3, 11
4_12_14 10, 2, 6, 14
5_1_06 4, 12, 16, 8, 5
8_13_22 15, 7, 11, 3, 12, 4, 8, 16
2_16_10 5, 13
3_9_14 10, 2, 6
4_25_10 8, 16, 4, 12
3_9_12 9, 1, 5
8_30_22 15, 7, 11, 3, 12, 4, 8, 16
1_10_10 4
4_13_10 9, 1, 5, 13
1_10_02 16
7_3_06 4, 12, 16, 8, 13, 5, 9
2_2_04 15, 7
5_8_06 5, 13, 1, 9, 10
8_11_02 4, 12, 16, 8, 5, 13, 1, 9
5_25_08 7, 15, 3, 11, 8
4_20_04 3, 11, 15, 7
3_31_18 13, 5, 1
7_11_22 14, 6, 10, 2, 7, 15, 3
4_11_00 3, 11, 15, 7
2_18_14 4, 12
5_29_10 9, 1, 5, 13, 6
3_10_14 6, 14, 2
5_30_06 7, 15, 3, 11, 16
3_1_08 5, 13, 1
6_6_02 3, 11, 15, 7, 16, 8
3_21_12 8, 16, 4
8_15_20 14, 6, 10, 2, 11, 3, 7, 15
4_21_06 5, 13, 1, 9
5_1_20 11, 3, 7, 15, 12
7_7_18 11, 3, 7, 15, 4, 12, 16
4_19_00 1, 9, 13, 5
3_27_22 14, 6, 2
4_22_08 6, 14, 2, 10
5_16_14 11, 3, 7, 15, 12
6_5_08 6, 14, 2, 10, 7, 15
6_3_22 12, 4, 8, 16, 13, 5
6_15_20 14, 6, 10, 2, 11, 3
6_21_02 3, 11, 15, 7, 4, 12
2_7_16 10, 2
1_8_10 11
3_23_08 6, 14, 10
3_10_12 5, 13, 1
5_17_22 12, 4, 8, 16, 13
7_7_04 4, 12, 16, 8, 13, 5, 9
8_19_08 5, 13, 1, 9, 6, 14, 2, 10
3_2_20 7, 15, 3
6_2_20 11, 3, 7, 15, 8, 16
7_17_20 11, 3, 7, 15, 12, 4, 8
2_8_16 6, 14
2_20_00 13, 5
3_13_12 10, 2, 6
5_29_04 6, 14, 2, 10, 3
7_28_06 6, 14, 2, 10, 11, 3, 7
2_30_00 16, 8
3_15_16 12, 4, 16
1_14_12 6
3_9_22 14, 6, 10
1_16_16 16
3_27_22 14, 6, 2
4_8_08 6, 14, 2, 10
3_4_10 2, 10, 6
4_12_10 8, 16, 4, 12
3_16_00 16, 8, 4
7_17_14 8, 16, 4, 12, 9, 1, 5
6_9_22 14, 6, 10, 2, 15, 7
4_19_18 10, 2, 6, 14
1_30_06 3
5_8_18 11, 3, 7, 15, 16
5_29_14 11, 3, 7, 15, 8
3_21_18 11, 3, 7
6_14_18 13, 5, 9, 1, 6, 14
5_15_12 10, 2, 6, 14, 15
3_20_04 15, 7, 3
6_1_22 12, 4, 8, 16, 13, 5
4_21_08 6, 14, 2, 10
8_17_04 3, 11, 15, 7, 4, 12, 16, 8
7_9_06 6, 14, 2, 10, 7, 15, 3
1_11_12 1
2_24_12 4, 12
8_28_08 7, 15, 3, 11, 8, 16, 4, 12
3_9_04 5, 13, 1
4_27_10 8, 16, 4, 12
3_13_08 8, 16, 4
4_31_06 7, 15, 3, 11
3_6_16 6, 14, 2
8_31_18 13, 5, 9, 1, 10, 2, 6, 14
3_1_02 2, 10, 14
8_11_02 4, 12, 16, 8, 5, 13, 1, 9
8_1_16 9, 1, 5, 13, 10, 2, 6, 14
4_21_04 4, 12, 16, 8
8_21_08 6, 14, 2, 10, 7, 15, 3, 11
1_9_12 9
6_31_08 8, 16, 4, 12, 5, 13
4_16_06 7, 15, 3, 11
7_27_02 4, 12, 16, 8, 13, 5, 9
8_18_08 5, 13, 1, 9, 6, 14, 2, 10
1_10_00 15
5_19_06 4, 12, 16, 8, 13
4_23_14 9, 1, 5, 13
5_4_04 3, 11, 15, 7, 8
5_8_06 5, 13, 1, 9, 10
8_30_10 9, 1, 5, 13, 6, 14, 2, 10
4_28_02 4, 12, 16, 8
7_25_00 3, 11, 15, 7, 4, 12, 16
2_26_10 4, 12
4_14_04 6, 14, 2, 10
7_20_04 3, 11, 15, 7, 8, 16, 4
1_7_12 16
7_16_18 13, 5, 9, 1, 14, 6, 10
4_27_14 10, 2, 6, 14
4_29_14 11, 3, 7, 15
5_1_06 4, 12, 16, 8, 5
8_27_20 13, 5, 9, 1, 14, 6, 10, 2
6_1_20 11, 3, 7, 15, 12, 4
8_8_04 4, 12, 16, 8, 5, 13, 1, 9
8_12_18 12, 4, 8, 16, 13, 5, 9, 1
3_13_20 14, 6, 10
5_8_02 3, 11, 15, 7, 8
3_7_08 6, 14, 10
8_21_08 6, 14, 2, 10, 7, 15, 3, 11
3_10_04 1, 9, 13
3_27_10 8, 16, 12
1_7_00 10
3_28_00 15, 7, 3
4_24_02 3, 11, 15, 7
2_26_16 7, 15
6_21_02 3, 11, 15, 7, 4, 12
7_15_12 10, 2, 6, 14, 15, 7, 11
7_24_08 6, 14, 2, 10, 11, 3, 7
3_1_02 2, 10, 14
5_2_04 3, 11, 15, 7, 16
2_4_08 1, 9
6_1_12 7, 15, 3, 11, 8, 16
7_9_12 9, 1, 5, 13, 10, 2, 6
3_9_02 4, 12, 16
3_12_16 7, 15, 11
2_26_10 4, 12
5_16_14 11, 3, 7, 15, 12
3_23_08 6, 14, 10
2_10_10 4, 12
6_17_12 7, 15, 3, 11, 8, 16
2_24_02 15, 7
1_10_00 15
3_4_16 5, 13, 9
8_14_06 7, 15, 3, 11, 4, 12, 16, 8
7_30_14 11, 3, 7, 15, 4, 12, 16
2_16_08 4, 12
7_15_10 9, 1, 5, 13, 14, 6, 10
5_15_18 13, 5, 9, 1, 2
5_7_10 7, 15, 3, 11, 16
1_1_00 1
5_23_12 8, 16, 4, 12, 1
4_28_00 3, 11, 15, 7
5_24_16 10, 2, 6, 14, 15
1_14_14 7
1_9_22 14
7_5_22 13, 5, 9, 1, 14, 6, 10
4_19_18 10, 2, 6, 14
1_16_12 14
8_8_02 3, 11, 15, 7, 4, 12, 16, 8
6_17_22 12, 4, 8, 16, 13, 5
6_30_12 10, 2, 6, 14, 3, 11
6_30_10 9, 1, 5, 13, 2, 10
1_28_10 12
1_13_10 9
3_21_02 3, 11, 15
2_18_22 8, 16
6_17_12 7, 15, 3, 11, 8, 16
2_19_20 11, 3
7_15_22 15, 7, 11, 3, 4, 12, 16
1_6_02 15
3_10_12 5, 13, 1
4_19_16 9, 1, 5, 13
3_30_06 3, 11, 15
2_13_02 5, 13
6_19_00 1, 9, 13, 5, 2, 10
3_29_22 15, 7, 11
5_8_10 7, 15, 3, 11, 12
8_29_10 9, 1, 5, 13, 6, 14, 2, 10
8_22_14 9, 1, 5, 13, 10, 2, 6, 14
6_13_00 4, 12, 16, 8, 1, 9
7_26_04 5, 13, 1, 9, 2, 10, 14
7_6_02 3, 11, 15, 7, 16, 8, 12
1_14_08 4
1_4_06 8
8_4_10 6, 14, 2, 10, 7, 15, 3, 11
2_18_04 15, 7
7_7_10 7, 15, 3, 11, 16, 8, 12
2_15_06 7, 15
7_20_02 2, 10, 14, 6, 7, 15, 3
5_21_14 9, 1, 5, 13, 10
1_23_22 5
2_24_22 9, 1
6_25_10 8, 16, 4, 12, 9, 1
8_17_18 10, 2, 6, 14, 11, 3, 7, 15
2_28_04 1, 9
4_17_16 9, 1, 5, 13
8_28_08 7, 15, 3, 11, 8, 16, 4, 12
5_8_12 8, 16, 4, 12, 13
3_25_12 9, 1, 5
5_8_18 11, 3, 7, 15, 16
5_27_08 7, 15, 3, 11, 16
4_12_08 7, 15, 3, 11
2_24_10 3, 11
4_8_02 3, 11, 15, 7
3_17_20 11, 3, 7
1_8_16 14
1_23_18 3
3_13_04 6, 14, 2
3_12_12 5, 13, 9
4_27_00 3, 11, 15, 7
7_30_14 11, 3, 7, 15, 4, 12, 16
5_18_16 9, 1, 5, 13, 6
6_4_14 8, 16, 4, 12, 5, 13
1_28_18 16
7_15_12 10, 2, 6, 14, 15, 7, 11
6_29_08 8, 16, 4, 12, 5, 13
8_9_04 5, 13, 1, 9, 6, 14, 2, 10
4_1_00 1, 9, 13, 5
2_13_16 12, 4
7_4_02 2, 10, 14, 6, 7, 15, 3
3_16_10 5, 13, 9
7_25_16 11, 3, 7, 15, 12, 4, 8
1_4_00 5
5_22_16 10, 2, 6, 14, 7
4_28_08 7, 15, 3, 11
8_21_04 4, 12, 16, 8, 5, 13, 1, 9
8_1_20 11, 3, 7, 15, 12, 4, 8, 16
5_9_04 5, 13, 1, 9, 6
2_12_04 1, 9
5_2_16 9, 1, 5, 13, 6
1_19_10 14
1_22_00 14
1_2_02 14
7_21_04 4, 12, 16, 8, 5, 13, 1
2_29_16 12, 4
5_22_18 11, 3, 7, 15, 8
4_9_06 6, 14, 2, 10
6_17_06 4, 12, 16, 8, 5, 13
7_6_04 4, 12, 16, 8, 1, 9, 13
7_28_10 8, 16, 4, 12, 13, 5, 9
1_14_14 7
7_7_04 4, 12, 16, 8, 13, 5, 9
5_23_22 13, 5, 9, 1, 6
2_11_00 3, 11
8_9_22 14, 6, 10, 2, 15, 7, 11, 3
8_21_14 9, 1, 5, 13, 10, 2, 6, 14
3_13_14 11, 3, 7
7_10_10 8, 16, 4, 12, 5, 13, 1
3_21_04 4, 12, 16
5_26_14 10, 2, 6, 14, 7
5_21_20 12, 4, 8, 16, 13
4_23_22 13, 5, 9, 1
8_4_18 10, 2, 6, 14, 11, 3, 7, 15
7_13_22 15, 7, 11, 3, 12, 4, 8
3_6_00 14, 6, 10
4_12_12 9, 1, 5, 13
2_27_02 4, 12
2_27_02 4, 12
3_24_04 16, 8, 4
2_8_08 2, 10
1_8_16 14
6_2_04 3, 11, 15, 7, 16, 8
8_6_00 2, 10, 14, 6, 3, 11, 15, 7
6_3_12 7, 15, 3, 11, 8, 16
8_13_00 4, 12, 16, 8, 1, 9, 13, 5
1_12_10 12
4_19_20 11, 3, 7, 15
8_24_06 5, 13, 1, 9, 6, 14, 2, 10
4_15_22 15, 7, 11, 3
2_15_22 15, 7
8_13_18 13, 5, 9, 1, 10, 2, 6, 14
4_16_12 10, 2, 6, 14
2_17_08 5, 13
6_10_14 10, 2, 6, 14, 7, 15
2_6_18 7, 15
3_27_20 13, 5, 1
4_18_18 10, 2, 6, 14
8_14_16 12, 4, 8, 16, 9, 1, 5, 13
2_10_14 6, 14
6_10_14 10, 2, 6, 14, 7, 15
3_7_16 10, 2, 14
6_8_04 4, 12, 16, 8, 1, 9
4_14_10 9, 1, 5, 13
4_17_16 9, 1, 5, 13
2_19_12 7, 15
4_13_14 11, 3, 7, 15
4_8_10 7, 15, 3, 11
8_24_00 2, 10, 14, 6, 3, 11, 15, 7
5_11_18 12, 4, 8, 16, 5
4_20_16 9, 1, 5, 13
2_13_08 8, 16
1_23_06 13
3_28_04 1, 9, 5
2_24_14 5, 13
6_6_04 4, 12, 16, 8, 1, 9
4_4_08 5, 13, 1, 9
2_8_20 8, 16
4_13_18 13, 5, 9, 1
1_1_00 1
1_3_12 15
2_31_14 11, 3
8_28_00 3, 11, 15, 7, 4, 12, 16, 8
6_6_12 8, 16, 4, 12, 5, 13
1_17_18 10
7_25_20 13, 5, 9, 1, 14, 6, 10
6_27_06 6, 14, 2, 10, 7, 15
1_19_04 11
3_28_00 15, 7, 3
8_18_18 10, 2, 6, 14, 11, 3, 7, 15
6_8_08 6, 14, 2, 10, 3, 11
5_29_06 7, 15, 3, 11, 4
7_19_16 9, 1, 5, 13, 2, 10, 14
1_10_00 15
4_11_22 14, 6, 10, 2
8_18_12 7, 15, 3, 11, 8, 16, 4, 12
2_11_00 3, 11
6_18_04 3, 11, 15, 7, 16, 8
6_27_08 7, 15, 3, 11, 8, 16
5_12_14 10, 2, 6, 14, 15
4_2_04 3, 11, 15, 7
6_1_02 2, 10, 14, 6, 3, 11
4_28_08 7, 15, 3, 11
2_2_02 14, 6
8_3_06 4, 12, 16, 8, 5, 13, 1, 9
3_20_20 7, 15, 11
5_7_06 5, 13, 1, 9, 14
4_8_18 11, 3, 7, 15
2_23_18 11, 3
6_19_18 10, 2, 6, 14, 11, 3
3_9_00 3, 11, 15
5_25_16 11, 3, 7, 15, 12
1_13_16 12
3_13_06 7, 15, 3
3_29_16 12, 4, 8
7_21_18 11, 3, 7, 15, 12, 4, 8
7_27_04 5, 13, 1, 9, 14, 6, 10
2_20_06 16, 8
7_25_12 9, 1, 5, 13, 10, 2, 6
6_31_20 14, 6, 10, 2, 11, 3
1_1_14 8
8_31_10 9, 1, 5, 13, 6, 14, 2, 10
1_19_18 2
1_22_16 6
7_13_20 14, 6, 10, 2, 11, 3, 7
1_16_00 8
2_21_00 2, 10
7_30_00 4, 12, 16, 8, 13, 5, 9
6_13_20 14, 6, 10, 2, 11, 3
2_22_18 7, 15
5_29_02 5, 13, 1, 9, 2
3_10_06 2, 10, 14
4_20_22 12, 4, 8, 16
7_29_22 15, 7, 11, 3, 12, 4, 8
5_23_16 10, 2, 6, 14, 3
8_18_12 7, 15, 3, 11, 8, 16, 4, 12
8_27_20 13, 5, 9, 1, 14, 6, 10, 2
2_20_04 15, 7
5_8_08 6, 14, 2, 10, 11
3_8_08 2, 10, 6
2_18_16 5, 13
3_25_02 4, 12, 16
8_19_20 11, 3, 7, 15, 12, 4, 8, 16
8_31_16 12, 4, 8, 16, 9, 1, 5, 13
7_17_02 2, 10, 14, 6, 3, 11, 15
8_17_18 10, 2, 6, 14, 11, 3, 7, 15
3_6_16 6, 14, 2
5_16_14 11, 3, 7, 15, 12
5_28_22 14, 6, 10, 2, 3
8_11_10 8, 16, 4, 12, 9, 1, 5, 13
3_8_00 14, 6, 2
6_20_20 11, 3, 7, 15, 8, 16
7_7_06 5, 13, 1, 9, 14, 6, 10
7_3_12 7, 15, 3, 11, 16, 8, 12
2_8_06 1, 9
6_31_10 9, 1, 5, 13, 6, 14
6_30_04 6, 14, 2, 10, 15, 7
6_5_10 7, 15, 3, 11, 8, 16
2_7_22 13, 5
4_14_04 6, 14, 2, 10
6_23_06 5, 13, 1, 9, 6, 14
6_31_20 14, 6, 10, 2, 11, 3
2_2_06 16, 8
8_15_04 6, 14, 2, 10, 3, 11, 15, 7
7_21_14 9, 1, 5, 13, 10, 2, 6
8_13_20 14, 6, 10, 2, 11, 3, 7, 15
2_27_12 9, 1
6_5_16 10, 2, 6, 14, 11, 3
1_4_02 6
3_14_18 9, 1, 5
2_19_22 12, 4
1_25_20 13
7_17_08 5, 13, 1, 9, 6, 14, 2
3_19_04 3, 11, 7
7_25_02 4, 12, 16, 8, 5, 13, 1
5_2_12 7, 15, 3, 11, 4
7_3_10 6, 14, 2, 10, 15, 7, 11
8_5_06 5, 13, 1, 9, 6, 14, 2, 10
8_30_06 7, 15, 3, 11, 4, 12, 16, 8
2_6_04 16, 8
5_1_04 3, 11, 15, 7, 4
8_24_14 9, 1, 5, 13, 10, 2, 6, 14
3_24_06 1, 9, 5
6_5_00 2, 10, 14, 6, 3, 11
4_1_22 12, 4, 8, 16
3_5_08 6, 14, 2
2_12_06 2, 10
7_29_10 9, 1, 5, 13, 6, 14, 2
1_3_08 13
7_14_02 5, 13, 1, 9, 14, 6, 10
6_23_00 2, 10, 14, 6, 3, 11
1_19_16 1
8_19_04 3, 11, 15, 7, 4, 12, 16, 8
1_25_10 8
7_21_20 12, 4, 8, 16, 13, 5, 9
5_14_08 8, 16, 4, 12, 1
1_13_12 10
5_12_08 7, 15, 3, 11, 12
3_1_12 7, 15, 3
5_25_06 6, 14, 2, 10, 7
2_4_14 4, 12
5_21_22 13, 5, 9, 1, 14
3_26_22 10, 2, 6
1_13_18 13
4_11_14 10, 2, 6, 14
5_22_18 11, 3, 7, 15, 8
1_21_10 7
2_10_18 8, 16
2_31_22 15, 7
5_13_04 6, 14, 2, 10, 3
8_14_06 7, 15, 3, 11, 4, 12, 16, 8
7_16_12 10, 2, 6, 14, 11, 3, 7
6_2_04 3, 11, 15, 7, 16, 8
8_24_02 3, 11, 15, 7, 4, 12, 16, 8
4_31_08 8, 16, 12
1_2_04 15
1_11_02 12
8_26_02 4, 12, 16, 8, 5, 13, 1, 9
1_22_04 16
7_11_12 9, 1, 5, 13, 2, 10, 14
6_13_00 4, 12, 16, 8, 1, 9
7_29_16 12, 4, 8, 16, 9, 1, 5
6_25_06 6, 14, 2, 10, 7, 15
2_27_02 4, 12
1_25_14 10
8_13_20 14, 6, 10, 2, 11, 3, 7, 15
1_25_04 5
6_7_20 12, 4, 8, 16, 13, 5
1_6_20 8
6_15_00 4, 12, 16, 8, 1, 9
1_6_06 1
8_7_10 7, 15, 3, 11, 8, 16, 4, 12
7_12_10 8, 16, 4, 12, 13, 5, 9
6_11_20 13, 5, 9, 1, 14, 6
1_14_12 6
2_4_10 2, 10
3_25_14 10, 2, 6
6_20_12 7, 15, 3, 11, 4, 12
1_6_20 8
1_29_00 4
2_21_06 5, 13
3_25_08 7, 15, 3
7_20_14 8, 16, 4, 12, 13, 5, 9
7_31_12 10, 2, 6, 14, 15, 7, 11
3_7_08 6, 14, 10
7_2_04 3, 11, 15, 7, 16, 8, 12
7_28_16 11, 3, 7, 15, 16, 8, 12
3_14_14 7, 15, 3
5_14_22 15, 7, 11, 3, 8
8_16_00 4, 12, 16, 8, 1, 9, 13, 5
4_1_22 12, 4, 8, 16
7_20_08 5, 13, 1, 9, 10, 2, 6
8_22_22 13, 5, 9, 1, 14, 6, 10, 2
5_30_14 11, 3, 7, 15, 4
8_15_06 7, 15, 3, 11, 4, 12, 16, 8
3_17_02 2, 10, 14
8_24_04 4, 12, 16, 8, 5, 13, 1, 9
8_27_16 11, 3, 7, 15, 12, 4, 8, 16
1_5_12 8
7_8_00 2, 10, 14, 6, 7, 15, 3
8_20_16 9, 1, 5, 13, 10, 2, 6, 14
4_27_12 9, 1, 5, 13
4_28_06 6, 14, 2, 10
4_24_04 4, 12, 16, 8
3_24_16 6, 14, 10
2_12_10 4, 12
2_10_20 9, 1
3_3_04 3, 11, 7
3_14_16 8, 16, 4
3_29_08 8, 16, 4
1_14_08 4
5_6_02 3, 11, 15, 7, 16
8_13_18 13, 5, 9, 1, 10, 2, 6, 14
7_30_04 6, 14, 2, 10, 15, 7, 11
8_1_04 3, 11, 15, 7, 4, 12, 16, 8
7_15_22 15, 7, 11, 3, 4, 12, 16
1_19_18 2
6_13_10 9, 1, 5, 13, 6, 14
3_26_14 6, 14, 2
3_13_18 13, 5, 9
8_4_12 7, 15, 3, 11, 8, 16, 4, 12
4_22_04 4, 12, 16, 8
4_11_08 7, 15, 3, 11
8_2_00 1, 9, 13, 5, 2, 10, 14, 6
2_5_10 7, 15
4_3_06 4, 12, 16, 8
6_30_04 6, 14, 2, 10, 15, 7
2_14_06 3, 11
3_1_06 4, 12, 16
7_22_04 4, 12, 16, 8, 1, 9, 13
2_28_04 1, 9
2_27_16 11, 3
6_6_00 2, 10, 14, 6, 15, 7
8_28_04 5, 13, 1, 9, 6, 14, 2, 10
4_19_20 11, 3, 7, 15
8_31_00 4, 12, 16, 8, 1, 9, 13, 5
6_11_08 7, 15, 3, 11, 8, 16
2_22_08 2, 10
6_18_16 9, 1, 5, 13, 6, 14
1_14_22 11
7_30_02 5, 13, 1, 9, 14, 6, 10
8_21_00 2, 10, 14, 6, 3, 11, 15, 7
3_7_10 7, 15, 11
7_3_02 2, 10, 14, 6, 11, 3, 7
8_12_14 10, 2, 6, 14, 11, 3, 7, 15
4_4_00 1, 9, 13, 5
1_26_10 4
4_22_18 11, 3, 7, 15
7_25_10 8, 16, 4, 12, 9, 1, 5
6_20_18 10, 2, 6, 14, 7, 15
3_20_18 6, 14, 10
8_22_02 3, 11, 15, 7, 4, 12, 16, 8
4_5_20 12, 4, 8, 16
4_22_02 3, 11, 15, 7
8_31_20 14, 6, 10, 2, 11, 3, 7, 15
4_18_08 5, 13, 1, 9
6_27_02 4, 12, 16, 8, 5, 13
3_24_12 4, 12, 8
3_31_12 10, 2, 14
6_11_20 13, 5, 9, 1, 14, 6
1_26_00 15
1_18_08 1
2_5_22 13, 5
1_24_06 9
5_26_08 7, 15, 3, 11, 4
2_5_22 13, 5
1_2_22 8
1_22_18 7
2_3_22 12, 4
7_29_20 14, 6, 10, 2, 11, 3, 7
2_16_00 16, 8
8_15_06 7, 15, 3, 11, 4, 12, 16, 8
5_4_12 7, 15, 3, 11, 12
8_20_10 6, 14, 2, 10, 7, 15, 3, 11
3_17_14 8, 16, 4
7_11_14 10, 2, 6, 14, 3, 11, 15
8_21_22 13, 5, 9, 1, 14, 6, 10, 2
5_26_04 5, 13, 1, 9, 2
7_20_22 12, 4, 8, 16, 1, 9, 13
6_14_12 10, 2, 6, 14, 3, 11
4_3_18 10, 2, 6, 14
4_14_20 14, 6, 10, 2
4_1_16 9, 1, 5, 13
3_28_16 7, 15, 11
7_24_14 9, 1, 5, 13, 14, 6, 10
4_24_14 9, 1, 5, 13
7_6_18 11, 3, 7, 15, 8, 16, 4
6_8_20 12, 4, 8, 16, 9, 1
7_16_22 15, 7, 11, 3, 16, 8, 12
3_22_10 3, 11, 15
1_12_02 8
2_20_12 3, 11
5_7_08 6, 14, 2, 10, 15
2_8_16 6, 14
6_21_20 12, 4, 8, 16, 13, 5
7_2_00 1, 9, 13, 5, 14, 6, 10
3_10_06 2, 10, 14
1_18_02 14
7_11_22 14, 6, 10, 2, 7, 15, 3
6_18_08 5, 13, 1, 9, 2, 10
7_30_22 15, 7, 11, 3, 8, 16, 4
1_10_22 10
6_30_08 8, 16, 4, 12, 1, 9
7_31_12 10, 2, 6, 14, 15, 7, 11
3_3_08 5, 13, 9
2_25_20 13, 5
7_24_12 8, 16, 4, 12, 13, 5, 9
1_31_10 1
8_21_04 4, 12, 16, 8, 5, 13, 1, 9
7_18_18 10, 2, 6, 14, 7, 15, 3
4_24_12 8, 16, 4, 12
7_6_06 5, 13, 1, 9, 2, 10, 14
5_26_10 8, 16, 4, 12, 5
6_30_10 9, 1, 5, 13, 2, 10
4_11_18 12, 4, 8, 16
5_7_12 8, 16, 4, 12, 1
5_20_22 12, 4, 8, 16, 1
6_10_20 13, 5, 9, 1, 10, 2
6_2_12 7, 15, 3, 11, 4, 12
3_16_08 4, 12, 8
8_17_16 9, 1, 5, 13, 10, 2, 6, 14
2_16_22 11, 3
5_29_06 7, 15, 3, 11, 4
5_23_20 12, 4, 8, 16, 5
7_16_02 5, 13, 1, 9, 6, 14, 2
2_25_22 14, 6
6_29_02 5, 13, 1, 9, 2, 10
4_25_12 9, 1, 5, 13
6_5_20 12, 4, 8, 16, 13, 5
4_30_02 5, 13, 1, 9
7_26_04 5, 13, 1, 9, 2, 10, 14
6_13_14 11, 3, 7, 15, 8, 16
3_14_04 2, 10, 14
2_10_16 7, 15
8_17_08 5, 13, 1, 9, 6, 14, 2, 10
4_17_12 7, 15, 3, 11
5_21_18 11, 3, 7, 15, 12
1_6_20 8
3_7_22 13, 5, 1
1_19_18 2
1_14_06 3
5_24_22 13, 5, 9, 1, 2
7_24_00 2, 10, 14, 6, 7, 15, 3
3_31_04 6, 14, 10
7_9_02 4, 12, 16, 8, 5, 13, 1
2_18_04 15, 7
2_18_06 16, 8
2_28_00 15, 7
6_7_02 3, 11, 15, 7, 4, 12
2_10_08 3, 11
4_8_12 8, 16, 4, 12
1_16_00 8
1_8_20 16
3_8_06 1, 9, 5
7_9_08 7, 15, 3, 11, 8, 16, 4
5_10_22 14, 6, 10, 2, 11
3_19_06 4, 12, 8
8_21_10 7, 15, 3, 11, 8, 16, 4, 12
2_17_18 10, 2
1_11_12 1
8_12_14 10, 2, 6, 14, 11, 3, 7, 15
2_30_00 16, 8
4_29_16 12, 4, 8, 16
2_17_08 5, 13
3_7_02 3, 11, 7
2_20_00 13, 5
6_11_12 9, 1, 5, 13, 10, 2
7_16_22 15, 7, 11, 3, 16, 8, 12
6_14_16 12, 4, 8, 16, 5, 13
6_7_18 11, 3, 7, 15, 12, 4
1_2_02 14
8_25_02 4, 12, 16, 8, 5, 13, 1, 9
2_6_06 1, 9
5_4_18 10, 2, 6, 14, 15
5_9_16 11, 3, 7, 15, 12
8_19_02 2, 10, 14, 6, 3, 11, 15, 7
5_19_12 7, 15, 3, 11, 16
8_1_08 5, 13, 1, 9, 6, 14, 2, 10
8_12_08 7, 15, 3, 11, 8, 16, 4, 12
7_7_12 8, 16, 4, 12, 1, 9, 13
5_16_16 12, 4, 8, 16, 13
8_22_12 8, 16, 4, 12, 9, 1, 5, 13
7_27_20 13, 5, 9, 1, 6, 14, 2
1_11_02 12
4_17_18 10, 2, 6, 14
6_6_04 4, 12, 16, 8, 1, 9
5_26_06 6, 14, 2, 10, 3
8_20_02 2, 10, 14, 6, 3, 11, 15, 7
6_7_08 6, 14, 2, 10, 7, 15
1_28_18 16
7_14_12 10, 2, 6, 14, 3, 11, 15
3_2_18 6, 14, 2
5_10_22 14, 6, 10, 2, 11
8_24_22 13, 5, 9, 1, 14, 6, 10, 2
3_25_10 8, 16, 4
7_27_08 7, 15, 3, 11, 16, 8, 12
5_1_02 2, 10, 14, 6, 3
7_15_20 14, 6, 10, 2, 3, 11, 15
2_25_16 11, 3
2_9_20 13, 5
8_23_02 3, 11, 15, 7, 4, 12, 16, 8
4_29_10 9, 1, 5, 13
3_8_20 8, 16, 12
5_26_12 9, 1, 5, 13, 6
1_3_04 11
5_27_12 9, 1, 5, 13, 2
7_30_08 8, 16, 4, 12, 1, 9, 13
1_10_20 9
2_13_14 11, 3
6_23_20 12, 4, 8, 16, 13, 5
4_18_20 11, 3, 7, 15
8_4_16 9, 1, 5, 13, 10, 2, 6, 14
4_23_22 13, 5, 9, 1
2_6_10 3, 11
2_20_20 7, 15
1_5_08 6
7_8_16 10, 2, 6, 14, 15, 7, 11
5_4_02 2, 10, 14, 6, 7
2_20_12 3, 11
4_19_12 7, 15, 3, 11
7_29_04 6, 14, 2, 10, 3, 11, 15
5_15_20 14, 6, 10, 2, 3
2_20_10 2, 10
2_5_18 11, 3
3_7_04 4, 12, 8
2_11_12 9, 1
6_1_12 7, 15, 3, 11, 8, 16
1_13_12 10
5_11_18 12, 4, 8, 16, 5
6_15_18 13, 5, 9, 1, 10, 2
2_3_16 9, 1
4_7_12 8, 16, 4, 12
1_1_00 1
4_28_20 13, 5, 9, 1
8_17_14 8, 16, 4, 12, 9, 1, 5, 13
3_4_02 14, 6, 2
4_7_16 10, 2, 6, 14
1_10_18 8
7_13_08 8, 16, 4, 12, 5, 13, 1
1_22_08 2
1_18_06 16
3_12_02 16, 8, 4
8_6_10 7, 15, 3, 11, 8, 16, 4, 12
3_31_00 4,12, 8
8_14_02 5, 13, 1, 9, 2, 10, 14, 6
2_14_20 10, 2
8_19_04 3, 11, 15, 7, 4, 12, 16, 8
7_20_20 11, 3, 7, 15, 16, 8, 12
2_1_16 9, 1
5_7_18 11, 3, 7, 15, 4
6_6_14 9, 1, 5, 13, 6, 14
4_31_14 11, 3, 7, 15
4_8_08 6, 14, 2, 10
1_27_08 15
8_12_12 9, 1, 5, 13, 10, 2, 6, 14
7_24_10 7, 15, 3, 11, 12, 4, 8
1_4_22 16
7_22_14 9, 1, 5, 13, 6, 14, 2
4_4_06 4, 12, 16, 8
3_14_06 3, 11, 15
8_14_12 10, 2, 6, 14, 7, 15, 3, 11
7_15_08 8, 16, 4, 12, 13, 5, 9
6_27_04 5, 13, 1, 9, 6, 14
8_17_02 2, 10, 14, 6, 3, 11, 15, 7
5_21_16 10, 2, 6, 14, 11
3_2_22 8, 16, 4
3_27_04 5, 13, 9
6_19_08 5, 13, 1, 9, 6, 14
8_22_18 11, 3, 7, 15, 12, 4, 8, 16
6_4_20 11, 3, 7, 15, 8, 16
8_27_00 3, 11, 15, 7, 4, 12, 16, 8
7_24_06 5, 13, 1, 9, 10, 2, 6
5_12_16 11, 3, 7, 15, 16
1_18_00 13
6_14_06 7, 15, 3, 11, 16, 8
8_28_08 7, 15, 3, 11, 8, 16, 4, 12
8_18_16 9, 1, 5, 13, 10, 2, 6, 14
8_13_02 5, 13, 1, 9, 2, 10, 14, 6
8_6_18 11, 3, 7, 15, 12, 4, 8, 16
6_24_02 3, 11, 15, 7, 16, 8
3_4_00 13, 5, 1
2_19_16 9, 1
7_24_16 10, 2, 6, 14, 15, 7, 11
3_31_06 7, 15, 11
1_7_22 5
4_26_04 5, 13, 1, 9
7_5_08 6, 14, 2, 10, 7, 15, 3
3_24_20 8, 16, 12
2_11_00 3, 11
7_24_12 8, 16, 4, 12, 13, 5, 9
7_26_12 9, 1, 5, 13, 6, 14, 2
6_6_04 4, 12, 16, 8, 1, 9
7_13_10 9, 1, 5, 13, 6, 14, 2
3_25_12 9, 1, 5
3_8_20 8, 16, 12
3_18_12 3, 11, 15
5_29_10 9, 1, 5, 13, 6
2_16_16 8, 16
5_14_22 15, 7, 11, 3, 8
1_15_02 13
4_4_18 10, 2, 6, 14
7_2_04 3, 11, 15, 7, 16, 8, 12
1_26_04 1
4_31_02 5, 13, 1, 9
7_22_20 12, 4, 8, 16, 9, 1, 5
4_26_22 14, 6, 10, 2
1_30_20 10
3_23_14 9, 1, 13
2_15_10 9, 1
6_26_16 11, 3, 7, 15, 8, 16
5_5_20 12, 4, 8, 16, 13
6_12_10 8, 16, 4, 12, 5, 13
8_19_18 10, 2, 6, 14, 11, 3, 7, 15
8_14_08 8, 16, 4, 12, 5, 13, 1, 9
4_6_16 10, 2, 6, 14
2_21_22 13, 5
2_25_20 13, 5
3_31_12 10, 2, 14
3_22_02 15, 7, 11
6_30_02 5, 13, 1, 9, 14, 6
3_24_00 14, 6, 2
7_22_10 7, 15, 3, 11, 4, 12, 16
2_20_14 4, 12
4_15_20 14, 6, 10, 2
5_20_18 10, 2, 6, 14, 15
5_3_06 4, 12, 16, 8, 13
6_6_16 10, 2, 6, 14, 7, 15
2_31_22 15, 7
2_16_06 3, 11
1_19_14 16
4_18_20 11, 3, 7, 15
6_6_20 12, 4, 8, 16, 9, 1
6_8_04 4, 12, 16, 8, 1, 9
3_31_02 5, 13, 9
8_25_08 7, 15, 3, 11, 8, 16, 4, 12
6_26_08 7, 15, 3, 11, 4, 12
5_19_12 7, 15, 3, 11, 16
4_27_06 6, 14, 2, 10
2_27_02 4, 12
6_14_08 8, 16, 4, 12, 1, 9
1_17_00 1
5_17_04 3, 11, 15, 7, 4
4_17_10 6, 14, 2, 10
8_26_10 8, 16, 4, 12, 9, 1, 5, 13
6_7_06 5, 13, 1, 9, 6, 14
1_25_02 4
1_6_22 9
2_13_12 10, 2
6_3_12 7, 15, 3, 11, 8, 16
2_15_10 9, 1
2_14_08 4, 12
6_13_20 14, 6, 10, 2, 11, 3
6_4_04 3, 11, 15, 7, 16, 8
4_10_04 5, 13, 1, 9
4_26_20 13, 5, 9, 1
8_23_20 12, 4, 8, 16, 13, 5, 9, 1
4_31_12 10, 2, 6, 14
3_22_00 14, 6, 10
5_9_12 9, 1, 5, 13, 10
4_24_02 3, 11, 15, 7
2_17_06 4, 12
3_10_14 6, 14, 2
3_19_20 11, 3, 15
4_19_20 11, 3, 7, 15
4_11_10 8, 16, 4, 12
6_15_06 7, 15, 3, 11, 4, 12
4_13_10 9, 1, 5, 13
6_17_10 6, 14, 2, 10, 7, 15
5_20_20 11, 3, 7, 15, 16
4_4_02 2, 10, 14, 6
5_4_02 2, 10, 14, 6, 7
5_8_20 12, 4, 8, 16, 1
7_14_02 5, 13, 1, 9, 14, 6, 10
1_20_10 10
4_14_20 14, 6, 10, 2
3_29_16 12, 4, 8
6_16_00 4, 12, 16, 8, 13, 5
1_1_02 2
2_14_00 16, 8
7_18_18 10, 2, 6, 14, 7, 15, 3
7_13_16 12, 4, 8, 16, 9, 1, 5
3_7_20 12, 4, 16
4_16_22 15, 7, 11, 3
1_9_04 5
2_22_02 15, 7
5_28_20 13, 5, 9, 1, 2
2_23_10 7, 15
3_28_02 16, 8, 4
6_11_14 10, 2, 6, 14, 11, 3
1_11_22 6
3_13_14 11, 3, 7
1_19_14 16
2_6_08 2, 10
1_1_08 5
6_30_04 6, 14, 2, 10, 15, 7
6_15_10 9, 1, 5, 13, 6, 14
2_31_06 7, 15
3_18_16 5, 13, 1
5_30_02 5, 13, 1, 9, 14
4_12_20 13, 5, 9, 1
7_15_10 9, 1, 5, 13, 14, 6, 10
7_10_10 8, 16, 4, 12, 5, 13, 1
3_15_12 10, 2, 14
7_1_12 7, 15, 3, 11, 8, 16, 4
2_21_02 3, 11
4_2_08 5, 13, 1, 9
3_27_04 5, 13, 9
1_25_00 3
3_27_12 9, 1, 13
7_27_00 3, 11, 15, 7, 12, 4, 8
3_20_02 14, 6, 2
5_30_08 8, 16, 4, 12, 1
7_10_00 3, 11, 15, 7, 16, 8, 12
8_12_16 11, 3, 7, 15, 12, 4, 8, 16
8_1_18 10, 2, 6, 14, 11, 3, 7, 15
6_14_02 5, 13, 1, 9, 14, 6
8_19_22 12, 4, 8, 16, 13, 5, 9, 1
1_4_08 9
4_14_20 14, 6, 10, 2
7_18_10 6, 14, 2, 10, 3, 11, 15
8_10_02 4, 12, 16, 8, 5, 13, 1, 9
1_17_16 9
4_3_18 10, 2, 6, 14
1_4_16 13
8_26_20 13, 5, 9, 1, 14, 6, 10, 2
3_5_04 4, 12, 16
1_17_08 5
2_8_16 6, 14
1_25_14 10
1_24_06 9
3_15_00 4,12, 8
7_1_12 7, 15, 3, 11, 8, 16, 4
4_6_12 8, 16, 4, 12
5_18_00 1, 9, 13, 5, 14
6_7_22 13, 5, 9, 1, 14, 6
1_28_20 1
4_15_04 6, 14, 2, 10
8_31_06 7, 15, 3, 11, 4, 12, 16, 8
2_17_04 3, 11
8_8_04 4, 12, 16, 8, 5, 13, 1, 9
4_7_00 2, 10, 14, 6
8_20_04 3, 11, 15, 7, 4, 12, 16, 8
8_16_20 14, 6, 10, 2, 11, 3, 7, 15
2_21_18 11, 3
1_26_20 9
8_7_14 9, 1, 5, 13, 10, 2, 6, 14
7_6_16 10, 2, 6, 14, 7, 15, 3
7_11_16 11, 3, 7, 15, 4, 12, 16
5_4_12 7, 15, 3, 11, 12
4_4_16 9, 1, 5, 13
8_25_10 8, 16, 4, 12, 9, 1, 5, 13
4_23_08 6, 14, 2, 10
8_1_22 12, 4, 8, 16, 13, 5, 9, 1
8_8_00 2, 10, 14, 6, 3, 11, 15, 7
1_23_22 5
7_3_04 3, 11, 15, 7, 12, 4, 8
4_23_10 7, 15, 3, 11
5_11_00 3, 11, 15, 7, 12
8_2_16 9, 1, 5, 13, 10, 2, 6, 14
7_24_14 9, 1, 5, 13, 14, 6, 10
3_12_14 6, 14, 10
1_16_14 15
6_6_14 9, 1, 5, 13, 6, 14
7_22_06 5, 13, 1, 9, 2, 10, 14
7_26_12 9, 1, 5, 13, 6, 14, 2
5_9_20 13, 5, 9, 1, 14
1_27_22 6
7_1_18 10, 2, 6, 14, 11, 3, 7
5_2_02 2, 10, 14, 6, 15
1_7_12 16
7_1_04 3, 11, 15, 7, 4, 12, 16
5_25_10 8, 16, 4, 12, 9
8_26_22 14, 6, 10, 2, 15, 7, 11, 3
4_2_10 6, 14, 2, 10
6_23_14 9, 1, 5, 13, 10, 2
3_3_04 3, 11, 7
7_18_12 7, 15, 3, 11, 4, 12, 16
6_28_22 14, 6, 10, 2, 11, 3
5_14_14 11, 3, 7, 15, 4
6_12_20 13, 5, 9, 1, 10, 2
4_10_22 14, 6, 10, 2
2_16_14 7, 15
7_28_18 12, 4, 8, 16, 1, 9, 13
4_16_08 8, 16, 4, 12
5_25_12 9, 1, 5, 13, 10
7_4_22 12, 4, 8, 16, 1, 9, 13
1_15_02 13
6_3_10 6, 14, 2, 10, 7, 15
3_4_10 2, 10, 6
5_1_16 9, 1, 5, 13, 10
4_5_00 2, 10, 14, 6
6_9_10 8, 16, 4, 12, 9, 1
3_27_14 10, 2, 14
7_17_10 6, 14, 2, 10, 7, 15, 3
2_3_10 6, 14
6_9_22 14, 6, 10, 2, 15, 7
5_11_10 8, 16, 4, 12, 1
6_4_12 7, 15, 3, 11, 4, 12
8_2_14 8, 16, 4, 12, 9, 1, 5, 13
6_18_08 5, 13, 1, 9, 2, 10
6_26_00 3, 11, 15, 7, 16, 8
6_11_18 12, 4, 8, 16, 13, 5
3_6_02 15, 7, 11
3_12_14 6, 14, 10
5_3_20 11, 3, 7, 15, 4
6_17_10 6, 14, 2, 10, 7, 15
2_11_04 5, 13
6_14_16 12, 4, 8, 16, 5, 13
7_6_22 13, 5, 9, 1, 10, 2, 6
7_9_22 14, 6, 10, 2, 15, 7, 11
7_21_18 11, 3, 7, 15, 12, 4, 8
8_19_08 5, 13, 1, 9, 6, 14, 2, 10
2_25_08 7, 15
5_26_06 6, 14, 2, 10, 3
6_27_06 6, 14, 2, 10, 7, 15
2_16_04 2, 10
7_29_18 13, 5, 9, 1, 10, 2, 6
1_29_10 9
3_19_08 5, 13, 9
7_17_10 6, 14, 2, 10, 7, 15, 3
8_17_18 10, 2, 6, 14, 11, 3, 7, 15
8_1_10 6, 14, 2, 10, 7, 15, 3, 11
4_27_00 3, 11, 15, 7
5_29_20 14, 6, 10, 2, 11
7_3_08 5, 13, 1, 9, 14, 6, 10
1_15_04 14
4_12_16 11, 3, 7, 15
5_17_04 3, 11, 15, 7, 4
1_18_06 16
6_31_20 14, 6, 10, 2, 11, 3
8_5_22 13, 5, 9, 1, 14, 6, 10, 2
1_10_08 3
5_6_18 11, 3, 7, 15, 8
6_27_00 3, 11, 15, 7, 4, 12
1_16_12 14
2_2_08 1, 9
7_6_20 12, 4, 8, 16, 9, 1, 5
8_14_06 7, 15, 3, 11, 4, 12, 16, 8
1_20_16 13
4_4_18 10, 2, 6, 14
7_19_00 1, 9, 13, 5, 10, 2, 6
8_31_06 7, 15, 3, 11, 4, 12, 16, 8
1_8_06 9
2_21_20 12, 4
4_6_12 8, 16, 4, 12
5_30_02 5, 13, 1, 9, 14
6_28_20 13, 5, 9, 1, 10, 2
3_16_18 9, 1, 13
5_18_06 4, 12, 16, 8, 1
2_10_12 5, 13
8_6_06 5, 13, 1, 9, 6, 14, 2, 10
6_4_14 8, 16, 4, 12, 5, 13
6_14_10 9, 1, 5, 13, 2, 10
3_14_00 16, 8, 12
6_3_06 4, 12, 16, 8, 5, 13
7_28_08 7, 15, 3, 11, 12, 4, 8
7_20_08 5, 13, 1, 9, 10, 2, 6
3_31_06 7, 15, 11
1_13_22 15
1_15_12 2
7_24_08 6, 14, 2, 10, 11, 3, 7
5_9_00 3, 11, 15, 7, 4
3_30_10 5, 13, 1
1_13_14 11
7_10_12 9, 1, 5, 13, 6, 14, 2
5_31_04 6, 14, 2, 10, 11
5_3_08 5, 13, 1, 9, 14
6_30_16 12, 4, 8, 16, 5, 13
3_25_22 14, 6, 10
7_10_14 10, 2, 6, 14, 7, 15, 3
2_3_12 7, 15
3_3_20 11, 3, 15
3_30_12 6, 14, 2
2_18_14 4, 12
7_30_02 5, 13, 1, 9, 14, 6, 10
1_10_06 2
2_13_22 15, 7
7_30_14 11, 3, 7, 15, 4, 12, 16
5_19_12 7, 15, 3, 11, 16
5_25_16 11, 3, 7, 15, 12
6_22_22 13, 5, 9, 1, 10, 2
5_3_16 9, 1, 5, 13, 2
6_29_02 5, 13, 1, 9, 2, 10
5_9_08 7, 15, 3, 11, 8
6_1_04 3, 11, 15, 7, 4, 12
8_20_00 1, 9, 13, 5, 2, 10, 14, 6
7_23_14 9, 1, 5, 13, 2, 10, 14
8_23_20 12, 4, 8, 16, 13, 5, 9, 1
1_24_06 9
1_28_08 11
2_28_06 2, 10
1_28_08 11
5_4_08 5, 13, 1, 9, 10
4_20_02 2, 10, 14, 6
6_27_02 4, 12, 16, 8, 5, 13
5_3_00 1, 9, 13, 5, 10
2_2_10 2, 10
2_15_06 7, 15
6_27_08 7, 15, 3, 11, 8, 16
3_5_08 6, 14, 2
5_29_22 15, 7, 11, 3, 12
7_25_04 5, 13, 1, 9, 6, 14, 2
3_13_02 5, 13, 1
3_30_08 4, 12, 16
1_16_08 12
8_14_18 13, 5, 9, 1, 10, 2, 6, 14
6_27_12 9, 1, 5, 13, 10, 2
1_31_04 14
6_5_10 7, 15, 3, 11, 8, 16
3_15_08 8, 16, 12
1_26_22 10
2_6_16 6, 14
8_20_04 3, 11, 15, 7, 4, 12, 16, 8
8_10_06 6, 14, 2, 10, 7, 15, 3, 11
5_26_14 10, 2, 6, 14, 7
2_27_22 14, 6
2_18_08 1, 9
6_19_10 6, 14, 2, 10, 7, 15
8_27_16 11, 3, 7, 15, 12, 4, 8, 16
6_14_20 14, 6, 10, 2, 7, 15
5_16_20 14, 6, 10, 2, 15
7_27_12 9, 1, 5, 13, 2, 10, 14
2_23_04 4, 12
4_25_08 7, 15, 3, 11
6_1_02 2, 10, 14, 6, 3, 11
1_11_22 6
7_13_00 4, 12, 16, 8, 1, 9, 13
3_7_22 13, 5, 1
3_28_12 5, 13, 9
1_23_16 2
3_27_06 6, 14, 10
3_28_02 16, 8, 4
8_3_02 2, 10, 14, 6, 3, 11, 15, 7
5_9_22 14, 6, 10, 2, 15
5_29_02 5, 13, 1, 9, 2
3_6_06 1, 9, 13
7_8_00 2, 10, 14, 6, 7, 15, 3
7_28_12 9, 1, 5, 13, 14, 6, 10
2_27_22 14, 6
4_29_08 8, 16, 4, 12
3_26_18 8, 16, 4
3_30_12 6, 14, 2
3_10_14 6, 14, 2
7_1_08 5, 13, 1, 9, 6, 14, 2
3_21_00 2, 10, 14
7_20_14 8, 16, 4, 12, 13, 5, 9
2_28_06 2, 10
6_24_04 4, 12, 16, 8, 1, 9
8_4_20 11, 3, 7, 15, 12, 4, 8, 16
3_22_22 9, 1, 5
5_26_00 3, 11, 15, 7, 16
3_17_06 4, 12, 16
8_3_20 11, 3, 7, 15, 12, 4, 8, 16
8_30_12 10, 2, 6, 14, 7, 15, 3, 11
8_6_02 3, 11, 15, 7, 4, 12, 16, 8
7_27_00 3, 11, 15, 7, 12, 4, 8
3_19_12 7, 15, 11
4_26_16 11, 3, 7, 15
1_16_06 11
5_12_06 6, 14, 2, 10, 11
4_22_14 9, 1, 5, 13
3_10_04 1, 9, 13
8_3_22 12, 4, 8, 16, 13, 5, 9, 1
1_18_10 2
6_7_12 8, 16, 4, 12, 9, 1
7_22_20 12, 4, 8, 16, 9, 1, 5
7_18_02 2, 10, 14, 6, 15, 7, 11
6_7_22 13, 5, 9, 1, 14, 6
8_5_22 13, 5, 9, 1, 14, 6, 10, 2
2_17_00 1, 9
4_21_14 9, 1, 5, 13
1_15_00 12
6_30_14 11, 3, 7, 15, 4, 12
5_9_22 14, 6, 10, 2, 15
8_17_16 9, 1, 5, 13, 10, 2, 6, 14
7_20_16 9, 1, 5, 13, 14, 6, 10
6_26_16 11, 3, 7, 15, 8, 16
4_18_04 3, 11, 15, 7
5_28_22 14, 6, 10, 2, 3
4_7_06 5, 13, 1, 9
1_5_02 3
5_3_04 3, 11, 15, 7, 12
7_2_08 5, 13, 1, 9, 2, 10, 14
8_17_02 2, 10, 14, 6, 3, 11, 15, 7
8_26_18 12, 4, 8, 16, 13, 5, 9, 1
4_27_14 10, 2, 6, 14
6_31_22 15, 7, 11, 3, 12, 4
2_17_12 7, 15
8_26_16 11, 3, 7, 15, 12, 4, 8, 16
5_10_06 6, 14, 2, 10, 3
4_16_20 14, 6, 10, 2
7_1_20 11, 3, 7, 15, 12, 4, 8
6_30_22 15, 7, 11, 3, 8, 16
7_27_00 3, 11, 15, 7, 12, 4, 8
5_23_12 8, 16, 4, 12, 1
8_21_22 13, 5, 9, 1, 14, 6, 10, 2
5_30_04 6, 14, 2, 10, 15
5_14_14 11, 3, 7, 15, 4
1_30_22 11
4_2_22 12, 4, 8, 16
4_13_16 12, 4, 8, 16
8_25_20 13, 5, 9, 1, 14, 6, 10, 2
6_8_18 11, 3, 7, 15, 8, 16
7_14_20 14, 6, 10, 2, 7, 15, 3
1_13_10 9
4_20_14 8, 16, 4, 12
7_27_06 6, 14, 2, 10, 15, 7, 11
8_13_00 4, 12, 16, 8, 1, 9, 13, 5
5_28_02 4, 12, 16, 8, 9
4_19_10 6, 14, 2, 10
1_9_16 11
1_9_20 13
1_15_16 4
7_26_04 5, 13, 1, 9, 2, 10, 14
7_16_20 14, 6, 10, 2, 15, 7, 11
7_10_08 7, 15, 3, 11, 4, 12, 16
7_7_20 12, 4, 8, 16, 5, 13, 1
3_28_14 6, 14, 10
2_1_18 10, 2
2_10_14 6, 14
7_8_04 4, 12, 16, 8, 9, 1, 5
4_6_08 6, 14, 2, 10
6_26_12 9, 1, 5, 13, 6, 14
7_8_12 8, 16, 4, 12, 13, 5, 9
7_20_14 8, 16, 4, 12, 13, 5, 9
2_10_16 7, 15
7_21_20 12, 4, 8, 16, 13, 5, 9
1_30_08 4
1_23_02 11
6_18_20 11, 3, 7, 15, 8, 16
4_13_08 8, 16, 4, 12
8_27_08 7, 15, 3, 11, 8, 16, 4, 12
6_9_20 13, 5, 9, 1, 14, 6
1_21_20 12
1_7_02 11
1_12_08 11
1_24_14 13
7_10_04 5, 13, 1, 9, 2, 10, 14
1_9_14 10
7_23_10 7, 15, 3, 11, 16, 8, 12
4_10_12 9, 1, 5, 13
8_3_06 4, 12, 16, 8, 5, 13, 1, 9
5_31_22 15, 7, 11, 3, 4
2_31_18 13, 5
2_12_00 15, 7
3_11_12 9, 1, 13
7_18_08 5, 13, 1, 9, 2, 10, 14
2_29_22 15, 7
7_7_02 3, 11, 15, 7, 12, 4, 8
1_19_04 11
6_14_04 6, 14, 2, 10, 15, 7
8_10_00 3, 11, 15, 7, 4, 12, 16, 8
3_23_14 9, 1, 13
7_3_20 11, 3, 7, 15, 4, 12, 16
3_7_14 9, 1, 13
3_13_10 9, 1, 5
4_13_16 12, 4, 8, 16
3_16_20 10, 2, 14
5_25_14 10, 2, 6, 14, 11
6_16_06 7, 15, 3, 11, 16, 8
3_6_00 14, 6, 10
4_22_12 8, 16, 4, 12
8_15_20 14, 6, 10, 2, 11, 3, 7, 15
7_13_02 5, 13, 1, 9, 2, 10, 14
8_9_06 6, 14, 2, 10, 7, 15, 3, 11
1_11_00 11
1_31_06 15
5_18_18 10, 2, 6, 14, 7
7_11_00 3, 11, 15, 7, 12, 4, 8
5_28_20 13, 5, 9, 1, 2
6_19_00 1, 9, 13, 5, 2, 10
4_30_04 6, 14, 2, 10
5_15_04 6, 14, 2, 10, 11
7_2_02 2, 10, 14, 6, 15, 7, 11
8_22_04 4, 12, 16, 8, 5, 13, 1, 9
8_28_20 13, 5, 9, 1, 14, 6, 10, 2
6_1_12 7, 15, 3, 11, 8, 16
3_5_16 10, 2, 6
7_21_02 3, 11, 15, 7, 4, 12, 16
7_30_14 11, 3, 7, 15, 4, 12, 16
2_14_14 7, 15
6_7_16 10, 2, 6, 14, 11, 3
4_15_02 5, 13, 1, 9
5_18_04 3, 11, 15, 7, 16
8_29_16 12, 4, 8, 16, 9, 1, 5, 13
5_24_18 11, 3, 7, 15, 16
4_17_04 3, 11, 15, 7
1_16_02 9
8_15_18 13, 5, 9, 1, 10, 2, 6, 14
8_11_16 11, 3, 7, 15, 12, 4, 8, 16
3_4_14 4, 12, 8
6_22_08 6, 14, 2, 10, 3, 11
3_15_10 9, 1, 13
6_31_14 11, 3, 7, 15, 8, 16
6_24_00 2, 10, 14, 6, 15, 7
7_4_04 3, 11, 15, 7, 8, 16, 4
5_17_14 8, 16, 4, 12, 9
1_16_18 1
7_27_18 12, 4, 8, 16, 5, 13, 1
5_30_00 4, 12, 16, 8, 13
4_24_12 8, 16, 4, 12
7_14_12 10, 2, 6, 14, 3, 11, 15
6_2_18 10, 2, 6, 14, 7, 15
4_16_16 12, 4, 8, 16
8_11_18 12, 4, 8, 16, 13, 5, 9, 1
7_22_20 12, 4, 8, 16, 9, 1, 5
7_9_12 9, 1, 5, 13, 10, 2, 6
5_29_12 10, 2, 6, 14, 7
7_19_06 4, 12, 16, 8, 13, 5, 9
2_28_12 5, 13
2_9_02 4, 12
8_4_14 8, 16, 4, 12, 9, 1, 5, 13
4_8_18 11, 3, 7, 15
5_13_06 7, 15, 3, 11, 4
4_28_06 6, 14, 2, 10
4_30_22 15, 7, 11, 3
5_22_18 11, 3, 7, 15, 8
4_18_18 10, 2, 6, 14
8_9_12 9, 1, 5, 13, 10, 2, 6, 14
4_9_18 12, 4, 8, 16
4_27_12 9, 1, 5, 13
5_1_18 10, 2, 6, 14, 11
6_30_10 9, 1, 5, 13, 2, 10
4_23_14 9, 1, 5, 13
1_7_00 10
7_5_12 8, 16, 4, 12, 9, 1, 5
8_14_12 10, 2, 6, 14, 7, 15, 3, 11
8_26_10 8, 16, 4, 12, 9, 1, 5, 13
2_4_10 2, 10
6_11_02 4, 12, 16, 8, 5, 13
7_23_18 11, 3, 7, 15, 4, 12, 16
1_29_16 12
1_25_12 9
7_6_12 8, 16, 4, 12, 5, 13, 1
3_27_08 7, 15, 11
7_15_18 13, 5, 9, 1, 2, 10, 14
6_26_10 8, 16, 4, 12, 5, 13
2_4_10 2, 10
4_22_04 4, 12, 16, 8
6_2_12 7, 15, 3, 11, 4, 12
3_21_06 5, 13, 1
6_29_12 10, 2, 6, 14, 7, 15
2_7_16 10, 2
8_3_10 6, 14, 2, 10, 7, 15, 3, 11
4_19_00 1, 9, 13, 5
4_9_10 8, 16, 4, 12
2_9_22 14, 6
5_22_14 9, 1, 5, 13, 6
8_18_16 9, 1, 5, 13, 10, 2, 6, 14
2_2_00 13, 5
5_24_12 8, 16, 4, 12, 13
5_20_04 3, 11, 15, 7, 8
6_19_20 11, 3, 7, 15, 12, 4
8_10_08 7, 15, 3, 11, 8, 16, 4, 12
6_24_04 4, 12, 16, 8, 1, 9
8_4_10 6, 14, 2, 10, 7, 15, 3, 11
5_29_08 8, 16, 4, 12, 5
6_5_10 7, 15, 3, 11, 8, 16
4_1_10 6, 14, 2, 10
7_7_12 8, 16, 4, 12, 1, 9, 13
2_14_02 1, 9
7_15_02 5, 13, 1, 9, 10, 2, 6
7_1_12 7, 15, 3, 11, 8, 16, 4
6_19_10 6, 14, 2, 10, 7, 15
5_14_18 13, 5, 9, 1, 6
8_24_04 4, 12, 16, 8, 5, 13, 1, 9
8_16_16 12, 4, 8, 16, 9, 1, 5, 13
2_8_14 5, 13
1_12_12 13
1_24_06 9
3_17_12 7, 15, 3
6_18_20 11, 3, 7, 15, 8, 16
4_15_12 10, 2, 6, 14
7_29_02 5, 13, 1, 9, 2, 10, 14
7_13_02 5, 13, 1, 9, 2, 10, 14
2_10_22 10, 2
6_31_18 13, 5, 9, 1, 10, 2
2_22_14 5, 13
3_18_18 6, 14, 2
3_10_18 8, 16, 4
3_18_06 16, 8, 12
4_6_06 5, 13, 1, 9
1_14_00 16
1_7_08 14
3_28_08 3, 11, 7
1_2_16 5
3_29_06 7, 15, 3
6_28_16 11, 3, 7, 15, 8, 16
1_28_12 13
5_13_04 6, 14, 2, 10, 3
1_9_22 14
5_22_00 2, 10, 14, 6, 15
6_18_02 2, 10, 14, 6, 15, 7
6_25_02 4, 12, 16, 8, 5, 13
3_26_14 6, 14, 2
7_19_14 8, 16, 4, 12, 1, 9, 13
2_25_16 11, 3
5_14_22 15, 7, 11, 3, 8
6_9_22 14, 6, 10, 2, 15, 7
8_11_22 14, 6, 10, 2, 15, 7, 11, 3
2_26_08 3, 11
3_15_20 14, 6, 2
5_8_06 5, 13, 1, 9, 10
5_23_12 8, 16, 4, 12, 1
3_5_08 6, 14, 2
3_22_18 7, 15, 3
7_26_22 14, 6, 10, 2, 11, 3, 7
3_21_14 9, 1, 5
3_21_04 4, 12, 16
8_2_14 8, 16, 4, 12, 9, 1, 5, 13
8_5_22 13, 5, 9, 1, 14, 6, 10, 2
6_17_02 2, 10, 14, 6, 3, 11
6_6_08 6, 14, 2, 10, 3, 11
2_2_20 7, 15
3_16_04 2, 10, 6
5_31_04 6, 14, 2, 10, 11
7_26_00 3, 11, 15, 7, 16, 8, 12
1_6_00 14
3_16_02 1, 9, 5
3_9_12 9, 1, 5
5_5_14 9, 1, 5, 13, 10
8_26_22 14, 6, 10, 2, 15, 7, 11, 3
2_12_08 3, 11
2_30_04 2, 10
7_2_14 8, 16, 4, 12, 5, 13, 1
2_21_06 5, 13
4_20_00 1, 9, 13, 5
5_18_22 12, 4, 8, 16, 9
7_6_18 11, 3, 7, 15, 8, 16, 4
3_31_06 7, 15, 11
7_31_04 6, 14, 2, 10, 11, 3, 7
4_6_06 5, 13, 1, 9
6_26_06 6, 14, 2, 10, 3, 11
3_2_00 13, 5, 9
3_25_14 10, 2, 6
2_10_10 4, 12
1_26_08 3
8_24_08 6, 14, 2, 10, 7, 15, 3, 11
5_29_18 13, 5, 9, 1, 10
6_17_16 9, 1, 5, 13, 10, 2
6_28_10 8, 16, 4, 12, 5, 13
6_21_22 13, 5, 9, 1, 14, 6
8_11_08 7, 15, 3, 11, 8, 16, 4, 12
3_29_20 14, 6, 10
3_8_08 2, 10, 6
7_26_20 13, 5, 9, 1, 10, 2, 6
3_4_16 5, 13, 9
1_18_00 13
5_8_04 4, 12, 16, 8, 9
5_28_04 5, 13, 1, 9, 10
7_5_08 6, 14, 2, 10, 7, 15, 3
1_16_20 2
4_8_10 7, 15, 3, 11
4_9_14 10, 2, 6, 14
8_20_08 5, 13, 1, 9, 6, 14, 2, 10
5_23_22 13, 5, 9, 1, 6
4_1_10 6, 14, 2, 10
1_23_16 2
1_26_22 10
5_12_02 4, 12, 16, 8, 9
3_27_04 5, 13, 9
5_5_18 11, 3, 7, 15, 12
8_29_14 11, 3, 7, 15, 8, 16, 4, 12
8_4_06 4, 12, 16, 8, 5, 13, 1, 9
3_20_16 5, 13, 9
7_2_12 7, 15, 3, 11, 4, 12, 16
6_21_14 9, 1, 5, 13, 10, 2
8_27_12 9, 1, 5, 13, 10, 2, 6, 14
5_23_04 4, 12, 16, 8, 13
2_21_00 2, 10
6_25_20 13, 5, 9, 1, 14, 6
7_29_16 12, 4, 8, 16, 9, 1, 5
8_14_06 7, 15, 3, 11, 4, 12, 16, 8
8_19_06 4, 12, 16, 8, 5, 13, 1, 9
6_19_04 3, 11, 15, 7, 4, 12
5_13_10 9, 1, 5, 13, 6
2_1_10 6, 14
3_4_14 4, 12, 8
2_2_12 3, 11
3_1_14 8, 16, 4
8_21_22 13, 5, 9, 1, 14, 6, 10, 2
1_12_16 15
2_23_00 2, 10
3_30_18 9, 1, 5
7_4_22 12, 4, 8, 16, 1, 9, 13
8_17_06 4, 12, 16, 8, 5, 13, 1, 9
3_23_14 9, 1, 13
7_10_16 11, 3, 7, 15, 8, 16, 4
5_7_08 6, 14, 2, 10, 15
5_23_22 13, 5, 9, 1, 6
4_12_10 8, 16, 4, 12
6_3_16 9, 1, 5, 13, 10, 2
8_9_10 8, 16, 4, 12, 9, 1, 5, 13
5_19_18 10, 2, 6, 14, 3
1_5_10 7
4_31_00 4,12, 16, 8
6_13_04 6, 14, 2, 10, 3, 11
5_22_08 6, 14, 2, 10, 3
4_7_00 2, 10, 14, 6
8_9_14 10, 2, 6, 14, 11, 3, 7, 15
7_11_14 10, 2, 6, 14, 3, 11, 15
5_7_10 7, 15, 3, 11, 16
5_2_08 5, 13, 1, 9, 2
8_12_00 3, 11, 15, 7, 4, 12, 16, 8
5_7_20 12, 4, 8, 16, 5
6_21_10 7, 15, 3, 11, 8, 16
5_13_14 11, 3, 7, 15, 8
1_2_04 15
6_29_18 13, 5, 9, 1, 10, 2
8_27_10 8, 16, 4, 12, 9, 1, 5, 13
3_6_06 1, 9, 13
2_4_04 15, 7
6_16_20 14, 6, 10, 2, 7, 15
8_16_04 6, 14, 2, 10, 3, 11, 15, 7
6_22_08 6, 14, 2, 10, 3, 11
1_2_02 14
1_13_20 14
4_17_20 11, 3, 7, 15
6_13_02 5, 13, 1, 9, 2, 10
4_20_02 2, 10, 14, 6
4_9_18 12, 4, 8, 16
6_9_10 8, 16, 4, 12, 9, 1
4_14_08 8, 16, 4, 12
1_1_18 10
8_4_16 9, 1, 5, 13, 10, 2, 6, 14
1_14_06 3
7_5_02 3, 11, 15, 7, 4, 12, 16
7_10_16 11, 3, 7, 15, 8, 16, 4
5_22_22 13, 5, 9, 1, 10
4_4_14 8, 16, 4, 12
4_15_02 5, 13, 1, 9
8_19_02 2, 10, 14, 6, 3, 11, 15, 7
5_29_12 10, 2, 6, 14, 7
2_31_04 6, 14
8_3_04 3, 11, 15, 7, 4, 12, 16, 8
3_27_12 9, 1, 13
5_8_22 13, 5, 9, 1, 2
5_9_00 3, 11, 15, 7, 4
3_28_08 3, 11, 7
2_14_06 3, 11
2_31_00 4,12
5_30_00 4, 12, 16, 8, 13
1_23_14 1
7_14_00 4, 12, 16, 8, 13, 5, 9
2_3_22 12, 4
6_21_00 2, 10, 14, 6, 3, 11
5_28_10 8, 16, 4, 12, 13
6_13_12 10, 2, 6, 14, 7, 15
3_31_12 10, 2, 14
1_23_02 11
4_8_14 9, 1, 5, 13
6_23_02 3, 11, 15, 7, 4, 12
6_6_02 3, 11, 15, 7, 16, 8
5_4_16 9, 1, 5, 13, 14
3_31_14 11, 3, 15
8_16_12 10, 2, 6, 14, 7, 15, 3, 11
6_20_02 2, 10, 14, 6, 15, 7
3_8_10 3, 11, 7
6_30_08 8, 16, 4, 12, 1, 9
4_23_18 11, 3, 7, 15
8_13_18 13, 5, 9, 1, 10, 2, 6, 14
4_28_02 4, 12, 16, 8
8_5_06 5, 13, 1, 9, 6, 14, 2, 10
6_16_08 8, 16, 4, 12, 1, 9
6_11_02 4, 12, 16, 8, 5, 13
5_16_14 11, 3, 7, 15, 12
5_31_20 14, 6, 10, 2, 3
6_8_10 7, 15, 3, 11, 4, 12
2_6_20 8, 16
6_28_14 10, 2, 6, 14, 7, 15
8_28_10 8, 16, 4, 12, 9, 1, 5, 13
5_19_10 6, 14, 2, 10, 15
8_18_12 7, 15, 3, 11, 8, 16, 4, 12
8_9_10 8, 16, 4, 12, 9, 1, 5, 13
6_26_08 7, 15, 3, 11, 4, 12
3_26_04 1, 9, 13
1_2_08 1
7_28_04 5, 13, 1, 9, 10, 2, 6
1_29_06 7
4_7_00 2, 10, 14, 6
6_22_12 8, 16, 4, 12, 5, 13
8_8_00 2, 10, 14, 6, 3, 11, 15, 7
4_24_12 8, 16, 4, 12
3_15_10 9, 1, 13
8_6_16 10, 2, 6, 14, 11, 3, 7, 15
5_22_00 2, 10, 14, 6, 15
2_28_22 10, 2
5_15_04 6, 14, 2, 10, 11
4_15_06 7, 15, 3, 11
3_26_08 3, 11, 15
1_14_10 5
2_24_18 7, 15
5_28_18 12, 4, 8, 16, 1
8_22_22 13, 5, 9, 1, 14, 6, 10, 2
3_14_20 10, 2, 6
3_11_16 11, 3, 15
4_26_16 11, 3, 7, 15
4_17_00 1, 9, 13, 5
5_30_18 13, 5, 9, 1, 6
8_15_12 10, 2, 6, 14, 7, 15, 3, 11
3_20_10 2, 10, 6
8_21_06 5, 13, 1, 9, 6, 14, 2, 10
7_29_08 8, 16, 4, 12, 5, 13, 1
1_29_14 11
3_3_20 11, 3, 15
2_27_10 8, 16
4_29_20 14, 6, 10, 2
8_2_02 2, 10, 14, 6, 3, 11, 15, 7
2_30_04 2, 10
6_7_22 13, 5, 9, 1, 14, 6
4_28_16 11, 3, 7, 15
5_10_16 11, 3, 7, 15, 8
3_25_14 10, 2, 6
2_28_20 9, 1
8_2_02 2, 10, 14, 6, 3, 11, 15, 7
4_28_16 11, 3, 7, 15
3_30_10 5, 13, 1
4_23_02 3, 11, 15, 7
1_20_06 8
3_2_04 15, 7, 11
4_11_00 3, 11, 15, 7
1_19_22 4
5_27_16 11, 3, 7, 15, 4
6_12_04 5, 13, 1, 9, 2, 10
7_10_02 4, 12, 16, 8, 1, 9, 13
3_23_04 4, 12, 8
5_10_00 3, 11, 15, 7, 16
6_3_16 9, 1, 5, 13, 10, 2
2_7_06 5, 13
7_15_06 7, 15, 3, 11, 12, 4, 8
3_24_06 1, 9, 5
4_1_22 12, 4, 8, 16
5_23_14 9, 1, 5, 13, 2
4_8_00 2, 10, 14, 6
5_25_22 14, 6, 10, 2, 15
2_10_18 8, 16
3_29_14 11, 3, 7
4_11_00 3, 11, 15, 7
3_20_18 6, 14, 10
6_7_12 8, 16, 4, 12, 9, 1
2_11_12 9, 1
2_8_02 15, 7
7_10_00 3, 11, 15, 7, 16, 8, 12
6_9_00 3, 11, 15, 7, 4, 12
8_17_18 10, 2, 6, 14, 11, 3, 7, 15
5_29_08 8, 16, 4, 12, 5
7_26_14 10, 2, 6, 14, 7, 15, 3
6_8_06 5, 13, 1, 9, 2, 10
3_2_22 8, 16, 4
4_10_20 13, 5, 9, 1
4_2_02 2, 10, 14, 6
5_9_18 12, 4, 8, 16, 13
1_21_12 8
8_7_08 6, 14, 2, 10, 7, 15, 3, 11
5_27_12 9, 1, 5, 13, 2
3_18_06 16, 8, 12
2_10_04 1, 9
4_31_22 15, 7, 11, 3
8_29_20 14, 6, 10, 2, 11, 3, 7, 15
6_16_02 5, 13, 1, 9, 14, 6
7_18_14 8, 16, 4, 12, 5, 13, 1
6_12_06 6, 14, 2, 10, 3, 11
4_10_22 14, 6, 10, 2
8_24_00 2, 10, 14, 6, 3, 11, 15, 7
5_19_20 11, 3, 7, 15, 4
5_26_04 5, 13, 1, 9, 2
4_4_12 7, 15, 3, 11
6_27_10 8, 16, 4, 12, 9, 1
8_28_18 12, 4, 8, 16, 13, 5, 9, 1
5_17_06 4, 12, 16, 8, 5
2_25_12 9, 1
5_15_12 10, 2, 6, 14, 15
8_8_04 4, 12, 16, 8, 5, 13, 1, 9
8_12_22 14, 6, 10, 2, 15, 7, 11, 3
7_5_02 3, 11, 15, 7, 4, 12, 16
3_4_20 7, 15, 11
5_6_10 7, 15, 3, 11, 4
5_1_08 5, 13, 1, 9, 6
7_26_04 5, 13, 1, 9, 2, 10, 14
6_25_16 11, 3, 7, 15, 12, 4
8_31_06 7, 15, 3, 11, 4, 12, 16, 8
1_4_10 10
8_11_14 10, 2, 6, 14, 11, 3, 7, 15
6_8_04 4, 12, 16, 8, 1, 9
1_23_16 2
8_7_06 5, 13, 1, 9, 6, 14, 2, 10
4_2_14 8, 16, 4, 12
1_2_12 3
6_7_14 9, 1, 5, 13, 10, 2
2_27_06 6, 14
8_22_20 12, 4, 8, 16, 13, 5, 9, 1
7_22_06 5, 13, 1, 9, 2, 10, 14
3_5_06 5, 13, 1
4_1_00 1, 9, 13, 5
4_23_00 2, 10, 14, 6
5_19_20 11, 3, 7, 15, 4
1_13_12 10
7_27_14 10, 2, 6, 14, 3, 11, 15
2_10_00 15, 7
5_26_20 13, 5, 9, 1, 10
8_4_02 2, 10, 14, 6, 3, 11, 15, 7
3_26_06 2, 10, 14
4_2_20 11, 3, 7, 15
4_27_04 5, 13, 1, 9
4_6_08 6, 14, 2, 10
8_24_14 9, 1, 5, 13, 10, 2, 6, 14
4_19_08 5, 13, 1, 9
7_31_16 12, 4, 8, 16, 1, 9, 13
2_17_12 7, 15
7_17_06 4, 12, 16, 8, 5, 13, 1
1_29_06 7
5_5_04 4, 12, 16, 8, 5
7_6_22 13, 5, 9, 1, 10, 2, 6
2_1_18 10, 2
5_9_14 10, 2, 6, 14, 11
4_19_08 5, 13, 1, 9
5_6_18 11, 3, 7, 15, 8
3_4_10 2, 10, 6
2_9_04 5, 13
6_29_20 14, 6, 10, 2, 11, 3
2_15_10 9, 1
1_9_22 14
2_9_08 7, 15
2_8_12 4, 12
8_4_18 10, 2, 6, 14, 11, 3, 7, 15
4_19_00 1, 9, 13, 5
3_11_02 4, 12, 8
1_23_02 11
5_24_14 9, 1, 5, 13, 14
5_7_14 9, 1, 5, 13, 2
4_21_18 11, 3, 7, 15
3_31_18 13, 5, 1
4_9_22 14, 6, 10, 2
1_3_12 15
2_1_20 11, 3
3_18_08 1, 9, 13
5_15_12 10, 2, 6, 14, 15
5_26_04 5, 13, 1, 9, 2
6_19_00 1, 9, 13, 5, 2, 10
1_14_04 2
1_16_14 15
4_15_18 13, 5, 9, 1
4_26_04 5, 13, 1, 9