3_21_14 9, 1, 5
3_21_20 12, 4, 8
4_14_18 13, 5, 9, 1
6_15_18 13, 5, 9, 1, 10, 2
5_3_18 10, 2, 6, 14, 3
6_20_16 9, 1, 5, 13, 6, 14
1_18_02 14
1_29_20 14
4_24_20 12, 4, 8, 16
3_7_18 11, 3, 15
4_13_04 6, 14, 2, 10
1_3_08 13
8_30_14 11, 3, 7, 15, 8, 16, 4, 12
4_16_10 9, 1, 5, 13
2_1_22 12, 4
7_12_12 9, 1, 5, 13, 14, 6, 10
3_29_16 12, 4, 8
7_8_08 6, 14, 2, 10, 11, 3, 7
4_27_18 12, 4, 8, 16
7_31_12 10, 2, 6, 14, 15, 7, 11
6_19_04 3, 11, 15, 7, 4, 12
6_28_10 8, 16, 4, 12, 5, 13
5_16_04 6, 14, 2, 10, 7
7_16_00 4, 12, 16, 8, 5, 13, 1
4_17_22 12, 4, 8, 16
4_28_06 6, 14, 2, 10
7_21_10 7, 15, 3, 11, 8, 16, 4
8_11_06 6, 14, 2, 10, 7, 15, 3, 11
7_12_18 12, 4, 8, 16, 1, 9, 13
1_20_10 10
5_22_12 8, 16, 4, 12, 5
3_11_16 11, 3, 15
3_31_12 10, 2, 14
3_15_02 5, 13, 9
2_31_04 6, 14
3_20_12 3, 11, 7
8_26_14 10, 2, 6, 14, 11, 3, 7, 15
2_4_20 7, 15
4_17_04 3, 11, 15, 7
1_14_20 10
2_29_14 11, 3
4_15_20 14, 6, 10, 2
8_29_16 12, 4, 8, 16, 9, 1, 5, 13
5_16_20 14, 6, 10, 2, 15
4_4_22 12, 4, 8, 16
3_14_22 11, 3, 7
2_9_22 14, 6
7_18_08 5, 13, 1, 9, 2, 10, 14
2_26_14 6, 14
6_20_20 11, 3, 7, 15, 8, 16
7_1_14 8, 16, 4, 12, 9, 1, 5
2_31_16 12, 4
3_3_14 8, 16, 12
8_4_22 12, 4, 8, 16, 13, 5, 9, 1
6_5_00 2, 10, 14, 6, 3, 11
6_29_02 5, 13, 1, 9, 2, 10
8_14_04 6, 14, 2, 10, 3, 11, 15, 7
4_7_00 2, 10, 14, 6
5_26_18 12, 4, 8, 16, 9
3_31_22 15, 7, 3
3_8_14 5, 13, 9
2_3_16 9, 1
2_30_00 16, 8
8_2_22 12, 4, 8, 16, 13, 5, 9, 1
4_5_06 5, 13, 1, 9
6_4_00 1, 9, 13, 5, 14, 6
5_25_06 6, 14, 2, 10, 7
8_18_22 12, 4, 8, 16, 13, 5, 9, 1
7_1_14 8, 16, 4, 12, 9, 1, 5
8_6_16 10, 2, 6, 14, 11, 3, 7, 15
7_13_20 14, 6, 10, 2, 11, 3, 7
4_24_00 2, 10, 14, 6
4_4_06 4, 12, 16, 8
4_23_08 6, 14, 2, 10
2_1_10 6, 14
3_10_06 2, 10, 14
4_4_20 11, 3, 7, 15
4_13_04 6, 14, 2, 10
7_14_02 5, 13, 1, 9, 14, 6, 10
5_17_20 11, 3, 7, 15, 12
4_23_16 10, 2, 6, 14
8_8_08 6, 14, 2, 10, 7, 15, 3, 11
3_16_18 9, 1, 13
5_20_00 1, 9, 13, 5, 6
2_21_18 11, 3
6_24_06 5, 13, 1, 9, 2, 10
4_3_12 7, 15, 3, 11
7_29_04 6, 14, 2, 10, 3, 11, 15
6_3_20 11, 3, 7, 15, 12, 4
8_28_16 11, 3, 7, 15, 12, 4, 8, 16
8_5_06 5, 13, 1, 9, 6, 14, 2, 10
1_8_14 13
4_27_14 10, 2, 6, 14
2_8_16 6, 14
5_19_20 11, 3, 7, 15, 4
3_8_20 8, 16, 12
5_29_08 8, 16, 4, 12, 5
7_3_12 7, 15, 3, 11, 16, 8, 12
3_16_20 10, 2, 14
3_27_22 14, 6, 2
6_5_14 9, 1, 5, 13, 10, 2
2_26_04 1, 9
7_15_08 8, 16, 4, 12, 13, 5, 9
1_7_08 14
5_19_16 9, 1, 5, 13, 2
5_11_08 7, 15, 3, 11, 16
3_4_20 7, 15, 11
8_24_16 10, 2, 6, 14, 11, 3, 7, 15
5_20_20 11, 3, 7, 15, 16
7_22_04 4, 12, 16, 8, 1, 9, 13
1_23_14 1
5_9_12 9, 1, 5, 13, 10
3_9_16 11, 3, 7
6_25_16 11, 3, 7, 15, 12, 4
3_3_04 3, 11, 7
8_4_00 1, 9, 13, 5, 2, 10, 14, 6
1_23_00 10
1_10_06 2
5_27_10 8, 16, 4, 12, 1
8_20_18 10, 2, 6, 14, 11, 3, 7, 15
7_1_20 11, 3, 7, 15, 12, 4, 8
3_12_04 1, 9, 5
5_7_22 13, 5, 9, 1, 6
7_7_20 12, 4, 8, 16, 5, 13, 1
5_20_20 11, 3, 7, 15, 16
5_2_18 10, 2, 6, 14, 7
5_2_02 2, 10, 14, 6, 15
1_21_22 13
7_2_06 4, 12, 16, 8, 1, 9, 13
7_22_20 12, 4, 8, 16, 9, 1, 5
2_4_20 7, 15
2_26_16 7, 15
3_27_16 11, 3, 15
2_27_22 14, 6
5_2_10 6, 14, 2, 10, 3
3_16_14 7, 15, 11
5_5_20 12, 4, 8, 16, 13
7_23_16 10, 2, 6, 14, 3, 11, 15
5_13_08 8, 16, 4, 12, 5
7_11_10 8, 16, 4, 12, 1, 9, 13
4_4_10 6, 14, 2, 10
2_23_12 8, 16
6_25_10 8, 16, 4, 12, 9, 1
6_12_14 10, 2, 6, 14, 7, 15
4_29_12 10, 2, 6, 14
4_1_18 10, 2, 6, 14
5_16_14 11, 3, 7, 15, 12
4_12_20 13, 5, 9, 1
1_22_04 16
4_16_22 15, 7, 11, 3
6_25_14 10, 2, 6, 14, 11, 3
8_3_22 12, 4, 8, 16, 13, 5, 9, 1
1_13_12 10
2_30_20 10, 2
3_12_22 10, 2, 14
2_3_20 11, 3
5_20_18 10, 2, 6, 14, 15
6_4_00 1, 9, 13, 5, 14, 6
6_11_10 8, 16, 4, 12, 9, 1
3_16_02 1, 9, 5
3_30_20 10, 2, 6
3_27_06 6, 14, 10
3_25_14 10, 2, 6
7_29_12 10, 2, 6, 14, 7, 15, 3
7_30_04 6, 14, 2, 10, 15, 7, 11
4_27_20 13, 5, 9, 1
7_30_10 9, 1, 5, 13, 2, 10, 14
2_31_14 11, 3
5_23_08 6, 14, 2, 10, 15
6_22_18 11, 3, 7, 15, 8, 16
1_8_22 1
5_29_14 11, 3, 7, 15, 8
5_19_04 3, 11, 15, 7, 12
8_9_20 13, 5, 9, 1, 14, 6, 10, 2
8_21_22 13, 5, 9, 1, 14, 6, 10, 2
7_15_14 11, 3, 7, 15, 16, 8, 12
6_4_18 10, 2, 6, 14, 7, 15
4_18_12 7, 15, 3, 11
7_21_02 3, 11, 15, 7, 4, 12, 16
8_15_02 5, 13, 1, 9, 2, 10, 14, 6
2_15_14 11, 3
3_9_12 9, 1, 5
7_29_08 8, 16, 4, 12, 5, 13, 1
4_12_00 3, 11, 15, 7
5_31_16 12, 4, 8, 16, 1
2_26_22 10, 2
8_24_06 5, 13, 1, 9, 6, 14, 2, 10
7_29_00 4, 12, 16, 8, 1, 9, 13
7_9_16 11, 3, 7, 15, 12, 4, 8
4_1_06 4, 12, 16, 8
2_17_18 10, 2
6_10_12 9, 1, 5, 13, 6, 14
4_26_02 4, 12, 16, 8
2_3_14 8, 16
8_20_12 7, 15, 3, 11, 8, 16, 4, 12
1_12_10 12
4_23_04 4, 12, 16, 8
5_26_12 9, 1, 5, 13, 6
6_3_10 6, 14, 2, 10, 7, 15
7_30_16 12, 4, 8, 16, 5, 13, 1
8_28_14 10, 2, 6, 14, 11, 3, 7, 15
5_4_04 3, 11, 15, 7, 8
4_3_06 4, 12, 16, 8
8_12_10 8, 16, 4, 12, 9, 1, 5, 13
2_22_02 15, 7
8_10_16 11, 3, 7, 15, 12, 4, 8, 16
5_6_06 5, 13, 1, 9, 2
1_26_00 15
1_20_14 12
2_9_10 8, 16
4_19_20 11, 3, 7, 15
5_5_06 5, 13, 1, 9, 6
8_26_14 10, 2, 6, 14, 11, 3, 7, 15
5_19_14 8, 16, 4, 12, 1
4_9_20 13, 5, 9, 1
3_13_12 10, 2, 6
6_13_14 11, 3, 7, 15, 8, 16
1_15_08 16
2_1_00 1, 9
1_16_10 13
5_17_06 4, 12, 16, 8, 5
4_9_02 4, 12, 16, 8
1_16_04 10
5_29_10 9, 1, 5, 13, 6
5_8_04 4, 12, 16, 8, 9
2_27_04 5, 13
4_21_06 5, 13, 1, 9
8_8_10 7, 15, 3, 11, 8, 16, 4, 12
7_6_04 4, 12, 16, 8, 1, 9, 13
3_3_02 2, 10, 6
8_3_10 6, 14, 2, 10, 7, 15, 3, 11
1_27_22 6
4_12_00 3, 11, 15, 7
4_22_14 9, 1, 5, 13
1_22_22 9
8_14_22 15, 7, 11, 3, 12, 4, 8, 16
7_30_12 10, 2, 6, 14, 3, 11, 15
8_12_22 14, 6, 10, 2, 15, 7, 11, 3
2_26_04 1, 9
3_13_20 14, 6, 10
3_11_10 8, 16, 12
3_6_10 3, 11, 15
4_16_22 15, 7, 11, 3
6_2_00 1, 9, 13, 5, 14, 6
4_5_20 12, 4, 8, 16
1_16_02 9
6_4_10 6, 14, 2, 10, 3, 11
5_18_04 3, 11, 15, 7, 16
6_20_10 6, 14, 2, 10, 3, 11
5_12_08 7, 15, 3, 11, 12
2_22_02 15, 7
1_8_18 15
2_17_02 2, 10
1_2_02 14
8_24_02 3, 11, 15, 7, 4, 12, 16, 8
2_20_22 8, 16
4_16_14 11, 3, 7, 15
1_26_10 4
5_22_18 11, 3, 7, 15, 8
7_29_04 6, 14, 2, 10, 3, 11, 15
7_22_22 13, 5, 9, 1, 10, 2, 6
5_12_14 10, 2, 6, 14, 15
5_30_22 15, 7, 11, 3, 8
5_3_14 8, 16, 4, 12, 1
3_3_22 12, 4, 16
4_24_20 12, 4, 8, 16
6_10_06 6, 14, 2, 10, 3, 11
7_15_04 6, 14, 2, 10, 11, 3, 7
5_16_02 5, 13, 1, 9, 6
6_26_18 12, 4, 8, 16, 9, 1
2_4_10 2, 10
8_6_08 6, 14, 2, 10, 7, 15, 3, 11
5_26_04 5, 13, 1, 9, 2
6_16_10 9, 1, 5, 13, 2, 10
1_13_04 6
6_22_06 5, 13, 1, 9, 2, 10
1_8_12 12
5_8_20 12, 4, 8, 16, 1
1_13_20 14
1_18_16 5
5_7_16 10, 2, 6, 14, 3
3_10_20 9, 1, 5
5_2_20 11, 3, 7, 15, 8
6_7_08 6, 14, 2, 10, 7, 15
2_22_06 1, 9
6_30_00 4, 12, 16, 8, 13, 5
3_11_12 9, 1, 13
4_15_02 5, 13, 1, 9
1_13_20 14
2_11_18 12, 4
5_17_08 5, 13, 1, 9, 6
3_9_22 14, 6, 10
7_15_04 6, 14, 2, 10, 11, 3, 7
4_16_20 14, 6, 10, 2
6_22_06 5, 13, 1, 9, 2, 10
8_5_22 13, 5, 9, 1, 14, 6, 10, 2
5_24_00 2, 10, 14, 6, 7