5_29_08 8, 16, 4, 12, 5
6_19_18 10, 2, 6, 14, 11, 3
8_10_10 8, 16, 4, 12, 9, 1, 5, 13
2_20_14 4, 12
8_24_06 5, 13, 1, 9, 6, 14, 2, 10
5_6_06 5, 13, 1, 9, 2
3_14_18 9, 1, 5
2_1_00 1, 9
7_19_04 3, 11, 15, 7, 12, 4, 8
2_4_16 5, 13
6_4_14 8, 16, 4, 12, 5, 13
6_25_22 14, 6, 10, 2, 15, 7
4_24_14 9, 1, 5, 13
7_1_14 8, 16, 4, 12, 9, 1, 5
2_1_12 7, 15
8_5_20 12, 4, 8, 16, 13, 5, 9, 1
3_14_00 16, 8, 12
7_27_10 8, 16, 4, 12, 1, 9, 13
4_19_06 4, 12, 16, 8
7_25_04 5, 13, 1, 9, 6, 14, 2
8_22_12 8, 16, 4, 12, 9, 1, 5, 13
7_14_18 13, 5, 9, 1, 6, 14, 2
4_12_12 9, 1, 5, 13
5_31_02 5, 13, 1, 9, 10
8_9_04 5, 13, 1, 9, 6, 14, 2, 10
6_6_18 11, 3, 7, 15, 8, 16
6_22_14 9, 1, 5, 13, 6, 14
3_1_22 12, 4, 8
1_26_20 9
2_12_22 10, 2
1_26_10 4
2_24_14 5, 13
2_11_00 3, 11
6_27_20 13, 5, 9, 1, 14, 6
6_23_18 11, 3, 7, 15, 12, 4
3_7_18 11, 3, 15
6_9_10 8, 16, 4, 12, 9, 1
5_14_10 9, 1, 5, 13, 2
4_18_08 5, 13, 1, 9
5_29_20 14, 6, 10, 2, 11
2_29_02 5, 13
8_10_12 9, 1, 5, 13, 10, 2, 6, 14
3_18_02 14, 6, 10
4_20_04 3, 11, 15, 7
5_22_22 13, 5, 9, 1, 10
7_5_16 10, 2, 6, 14, 11, 3, 7
4_4_02 2, 10, 14, 6
1_17_00 1
4_30_14 11, 3, 7, 15
7_5_00 2, 10, 14, 6, 3, 11, 15
4_14_02 5, 13, 1, 9
2_2_10 2, 10
5_6_00 2, 10, 14, 6, 15
8_18_18 10, 2, 6, 14, 11, 3, 7, 15
7_2_22 12, 4, 8, 16, 9, 1, 5
8_4_04 3, 11, 15, 7, 4, 12, 16, 8
3_23_22 13, 5, 1
8_18_18 10, 2, 6, 14, 11, 3, 7, 15
4_15_18 13, 5, 9, 1
8_19_16 9, 1, 5, 13, 10, 2, 6, 14
1_28_14 14
7_1_10 6, 14, 2, 10, 7, 15, 3
7_15_22 15, 7, 11, 3, 4, 12, 16
5_17_04 3, 11, 15, 7, 4
2_26_12 5, 13
4_18_14 8, 16, 4, 12
8_19_04 3, 11, 15, 7, 4, 12, 16, 8
7_20_06 4, 12, 16, 8, 9, 1, 5
7_30_02 5, 13, 1, 9, 14, 6, 10
1_1_10 6
8_31_10 9, 1, 5, 13, 6, 14, 2, 10
6_10_18 12, 4, 8, 16, 9, 1
7_8_10 7, 15, 3, 11, 12, 4, 8
4_12_22 14, 6, 10, 2
3_13_00 4,12, 16
1_22_10 3
1_19_12 15
5_4_10 6, 14, 2, 10, 11
3_12_22 10, 2, 14
5_11_08 7, 15, 3, 11, 16
3_28_00 15, 7, 3
1_22_18 7
5_17_18 10, 2, 6, 14, 11
4_26_02 4, 12, 16, 8
5_7_08 6, 14, 2, 10, 15
7_17_22 12, 4, 8, 16, 13, 5, 9
7_12_12 9, 1, 5, 13, 14, 6, 10
5_15_14 11, 3, 7, 15, 16
4_24_22 13, 5, 9, 1
2_16_08 4, 12
3_14_12 6, 14, 2
1_30_06 3
6_4_06 4, 12, 16, 8, 1, 9
3_22_14 5, 13, 1
4_4_08 5, 13, 1, 9
8_26_22 14, 6, 10, 2, 15, 7, 11, 3
7_23_20 12, 4, 8, 16, 5, 13, 1
1_31_04 14
6_27_20 13, 5, 9, 1, 14, 6
1_5_18 11
3_17_00 1, 9, 13
6_16_18 13, 5, 9, 1, 6, 14
2_10_06 2, 10
1_2_16 5
5_9_02 4, 12, 16, 8, 5
8_3_10 6, 14, 2, 10, 7, 15, 3, 11
8_16_20 14, 6, 10, 2, 11, 3, 7, 15
8_27_08 7, 15, 3, 11, 8, 16, 4, 12
5_1_18 10, 2, 6, 14, 11
7_12_00 3, 11, 15, 7, 8, 16, 4
8_13_16 12, 4, 8, 16, 9, 1, 5, 13
4_28_16 11, 3, 7, 15
7_25_08 7, 15, 3, 11, 8, 16, 4
4_15_12 10, 2, 6, 14
4_20_04 3, 11, 15, 7
8_24_02 3, 11, 15, 7, 4, 12, 16, 8
3_19_08 5, 13, 9
7_19_08 5, 13, 1, 9, 14, 6, 10
3_11_08 7, 15, 11
5_22_10 7, 15, 3, 11, 4
8_28_20 13, 5, 9, 1, 14, 6, 10, 2
2_28_08 3, 11
4_7_18 11, 3, 7, 15
3_3_08 5, 13, 9
8_8_12 8, 16, 4, 12, 9, 1, 5, 13
5_29_00 4, 12, 16, 8, 1
4_27_10 8, 16, 4, 12
4_18_16 9, 1, 5, 13
4_3_04 3, 11, 15, 7
7_13_22 15, 7, 11, 3, 12, 4, 8
6_11_16 11, 3, 7, 15, 12, 4
5_4_00 1, 9, 13, 5, 6
7_16_22 15, 7, 11, 3, 16, 8, 12
6_14_20 14, 6, 10, 2, 7, 15
5_6_00 2, 10, 14, 6, 15
1_9_22 14
5_12_00 3, 11, 15, 7, 8
6_16_22 15, 7, 11, 3, 8, 16
7_1_06 4, 12, 16, 8, 5, 13, 1
7_16_16 12, 4, 8, 16, 13, 5, 9
8_22_08 6, 14, 2, 10, 7, 15, 3, 11
8_1_04 3, 11, 15, 7, 4, 12, 16, 8
7_23_16 10, 2, 6, 14, 3, 11, 15
2_1_06 4, 12
3_13_14 11, 3, 7
5_23_00 2, 10, 14, 6, 11
8_11_12 9, 1, 5, 13, 10, 2, 6, 14
7_30_04 6, 14, 2, 10, 15, 7, 11
5_9_18 12, 4, 8, 16, 13
2_12_20 9, 1
5_20_22 12, 4, 8, 16, 1
5_26_20 13, 5, 9, 1, 10
7_28_22 14, 6, 10, 2, 3, 11, 15
6_10_12 9, 1, 5, 13, 6, 14
3_16_08 4, 12, 8
8_20_16 9, 1, 5, 13, 10, 2, 6, 14
5_19_10 6, 14, 2, 10, 15
2_12_04 1, 9
4_19_04 3, 11, 15, 7
3_13_08 8, 16, 4
5_9_22 14, 6, 10, 2, 15
3_9_20 13, 5, 9
8_18_08 5, 13, 1, 9, 6, 14, 2, 10
8_24_12 8, 16, 4, 12, 9, 1, 5, 13
6_29_14 11, 3, 7, 15, 8, 16
2_9_12 9, 1
6_1_14 8, 16, 4, 12, 9, 1
6_4_04 3, 11, 15, 7, 16, 8
6_18_12 7, 15, 3, 11, 4, 12
8_10_14 10, 2, 6, 14, 11, 3, 7, 15
1_21_06 5
3_31_12 10, 2, 14
5_21_04 4, 12, 16, 8, 5
6_19_20 11, 3, 7, 15, 12, 4
7_27_20 13, 5, 9, 1, 6, 14, 2
7_9_12 9, 1, 5, 13, 10, 2, 6
1_18_10 2
6_22_08 6, 14, 2, 10, 3, 11
3_10_20 9, 1, 5
7_23_18 11, 3, 7, 15, 4, 12, 16
6_22_06 5, 13, 1, 9, 2, 10
2_20_20 7, 15
6_3_12 7, 15, 3, 11, 8, 16
5_7_02 3, 11, 15, 7, 12
8_3_10 6, 14, 2, 10, 7, 15, 3, 11
7_30_22 15, 7, 11, 3, 8, 16, 4
4_11_18 12, 4, 8, 16
2_19_16 9, 1
2_3_10 6, 14
1_30_08 4
2_19_20 11, 3
6_10_10 8, 16, 4, 12, 5, 13
4_30_20 14, 6, 10, 2
3_11_02 4, 12, 8
3_11_08 7, 15, 11
1_1_14 8
1_10_06 2
2_24_10 3, 11
3_2_20 7, 15, 3
1_17_00 1
2_5_16 10, 2
8_12_02 4, 12, 16, 8, 5, 13, 1, 9
4_17_18 10, 2, 6, 14
5_1_22 12, 4, 8, 16, 13
7_11_14 10, 2, 6, 14, 3, 11, 15
3_15_04 6, 14, 10
5_7_08 6, 14, 2, 10, 15
3_30_00 16, 8, 12
7_15_12 10, 2, 6, 14, 15, 7, 11
5_1_16 9, 1, 5, 13, 10
8_27_20 13, 5, 9, 1, 14, 6, 10, 2
3_1_22 12, 4, 8
3_18_06 16, 8, 12
8_5_04 4, 12, 16, 8, 5, 13, 1, 9
4_20_02 2, 10, 14, 6
2_5_20 12, 4
2_12_04 1, 9
4_17_02 2, 10, 14, 6
3_14_12 6, 14, 2
1_13_16 12
8_19_00 1, 9, 13, 5, 2, 10, 14, 6
3_14_06 3, 11, 15
1_17_10 6
2_22_08 2, 10
1_21_20 12
5_30_14 11, 3, 7, 15, 4
6_4_16 9, 1, 5, 13, 6, 14
5_30_18 13, 5, 9, 1, 6
3_28_00 15, 7, 3
8_31_20 14, 6, 10, 2, 11, 3, 7, 15
7_25_08 7, 15, 3, 11, 8, 16, 4
4_10_12 9, 1, 5, 13
6_21_10 7, 15, 3, 11, 8, 16
1_4_06 8
8_23_04 4, 12, 16, 8, 5, 13, 1, 9
1_15_00 12
2_9_04 5, 13
5_7_02 3, 11, 15, 7, 12
2_6_12 4, 12
6_20_04 3, 11, 15, 7, 16, 8
7_12_20 13, 5, 9, 1, 2, 10, 14
3_6_06 1, 9, 13
2_17_22 12, 4
3_11_20 13, 5, 1
4_13_00 4,12, 16, 8
3_12_12 5, 13, 9
3_9_20 13, 5, 9
8_24_04 4, 12, 16, 8, 5, 13, 1, 9
1_26_20 9
2_28_22 10, 2
1_5_08 6
6_29_22 15, 7, 11, 3, 12, 4
2_17_02 2, 10
8_14_04 6, 14, 2, 10, 3, 11, 15, 7
2_22_18 7, 15
6_13_20 14, 6, 10, 2, 11, 3
1_3_14 16
5_9_14 10, 2, 6, 14, 11
6_29_00 4, 12, 16, 8, 1, 9
8_7_12 8, 16, 4, 12, 9, 1, 5, 13
3_13_00 4,12, 16
3_3_20 11, 3, 15
6_4_20 11, 3, 7, 15, 8, 16
2_9_10 8, 16
1_18_04 15
7_23_20 12, 4, 8, 16, 5, 13, 1
3_3_20 11, 3, 15
5_22_22 13, 5, 9, 1, 10
1_7_04 12
6_21_16 10, 2, 6, 14, 11, 3
8_26_20 13, 5, 9, 1, 14, 6, 10, 2
6_7_18 11, 3, 7, 15, 12, 4
4_20_04 3, 11, 15, 7
7_19_08 5, 13, 1, 9, 14, 6, 10
8_30_12 10, 2, 6, 14, 7, 15, 3, 11
7_2_14 8, 16, 4, 12, 5, 13, 1
7_26_20 13, 5, 9, 1, 10, 2, 6
7_10_20 13, 5, 9, 1, 10, 2, 6
5_21_08 6, 14, 2, 10, 7
5_15_22 15, 7, 11, 3, 4
1_15_10 1
7_21_16 10, 2, 6, 14, 11, 3, 7
8_9_12 9, 1, 5, 13, 10, 2, 6, 14
7_28_10 8, 16, 4, 12, 13, 5, 9
7_20_18 10, 2, 6, 14, 15, 7, 11
5_5_14 9, 1, 5, 13, 10
4_22_00 2, 10, 14, 6
5_23_14 9, 1, 5, 13, 2
6_20_10 6, 14, 2, 10, 3, 11
2_7_02 3, 11
7_15_14 11, 3, 7, 15, 16, 8, 12
2_2_14 4, 12
2_6_20 8, 16
8_8_10 7, 15, 3, 11, 8, 16, 4, 12
3_23_12 8, 16, 12
5_28_20 13, 5, 9, 1, 2
8_15_10 9, 1, 5, 13, 6, 14, 2, 10
7_23_16 10, 2, 6, 14, 3, 11, 15
2_29_12 10, 2
3_16_02 1, 9, 5
3_2_18 6, 14, 2
5_5_20 12, 4, 8, 16, 13
4_23_10 7, 15, 3, 11
1_10_14 6
6_14_18 13, 5, 9, 1, 6, 14
6_5_18 11, 3, 7, 15, 12, 4
3_25_16 11, 3, 7
3_12_18 8, 16, 12
6_27_20 13, 5, 9, 1, 14, 6
7_5_14 9, 1, 5, 13, 10, 2, 6
1_27_08 15
8_27_14 10, 2, 6, 14, 11, 3, 7, 15
6_23_02 3, 11, 15, 7, 4, 12
8_8_12 8, 16, 4, 12, 9, 1, 5, 13
6_8_12 8, 16, 4, 12, 5, 13
5_25_16 11, 3, 7, 15, 12
4_3_00 1, 9, 13, 5
8_27_04 5, 13, 1, 9, 6, 14, 2, 10
8_28_12 9, 1, 5, 13, 10, 2, 6, 14
2_27_16 11, 3
7_14_16 12, 4, 8, 16, 5, 13, 1
5_6_04 4, 12, 16, 8, 1
5_12_10 8, 16, 4, 12, 13
1_30_12 6
5_7_00 2, 10, 14, 6, 11
5_9_16 11, 3, 7, 15, 12
7_15_12 10, 2, 6, 14, 15, 7, 11
2_14_04 2, 10
4_2_00 1, 9, 13, 5
8_27_20 13, 5, 9, 1, 14, 6, 10, 2
8_24_22 13, 5, 9, 1, 14, 6, 10, 2
8_12_14 10, 2, 6, 14, 11, 3, 7, 15
4_22_08 6, 14, 2, 10
1_16_16 16
2_17_08 5, 13
6_19_02 2, 10, 14, 6, 3, 11
7_3_14 8, 16, 4, 12, 1, 9, 13
7_30_02 5, 13, 1, 9, 14, 6, 10
5_21_16 10, 2, 6, 14, 11
3_4_00 13, 5, 1
3_11_20 13, 5, 1
2_4_20 7, 15
5_18_18 10, 2, 6, 14, 7
5_21_18 11, 3, 7, 15, 12
1_16_00 8
2_13_02 5, 13
5_22_20 12, 4, 8, 16, 9
2_14_08 4, 12
1_19_16 1
7_24_04 4, 12, 16, 8, 9, 1, 5
7_15_18 13, 5, 9, 1, 2, 10, 14
5_22_10 7, 15, 3, 11, 4
5_7_02 3, 11, 15, 7, 12
1_21_12 8
1_27_12 1
3_11_12 9, 1, 13
8_12_04 5, 13, 1, 9, 6, 14, 2, 10
7_29_02 5, 13, 1, 9, 2, 10, 14
5_19_06 4, 12, 16, 8, 13
3_19_14 8, 16, 12
4_6_12 8, 16, 4, 12
5_13_20 14, 6, 10, 2, 11
5_16_06 7, 15, 3, 11, 8
2_28_20 9, 1
1_27_10 16
7_21_04 4, 12, 16, 8, 5, 13, 1
7_26_00 3, 11, 15, 7, 16, 8, 12
8_28_06 6, 14, 2, 10, 7, 15, 3, 11
3_1_18 10, 2, 6
5_28_22 14, 6, 10, 2, 3
3_11_02 4, 12, 8
3_3_08 5, 13, 9
8_19_02 2, 10, 14, 6, 3, 11, 15, 7
4_2_00 1, 9, 13, 5
6_15_22 15, 7, 11, 3, 12, 4
4_28_18 12, 4, 8, 16
4_30_00 4,12, 16, 8
8_24_04 4, 12, 16, 8, 5, 13, 1, 9
4_7_22 13, 5, 9, 1
1_25_12 9
7_31_10 9, 1, 5, 13, 14, 6, 10
8_17_16 9, 1, 5, 13, 10, 2, 6, 14
1_19_14 16
2_3_12 7, 15
5_31_18 13, 5, 9, 1, 2
3_28_00 15, 7, 3
3_14_12 6, 14, 2
3_11_12 9, 1, 13
1_19_14 16
4_3_00 1, 9, 13, 5
7_3_16 9, 1, 5, 13, 2, 10, 14
6_26_08 7, 15, 3, 11, 4, 12
4_16_08 8, 16, 4, 12
7_28_08 7, 15, 3, 11, 12, 4, 8
5_11_18 12, 4, 8, 16, 5
3_8_14 5, 13, 9
5_7_06 5, 13, 1, 9, 14
3_9_16 11, 3, 7
2_18_12 3, 11
5_12_00 3, 11, 15, 7, 8
8_29_04 6, 14, 2, 10, 3, 11, 15, 7
7_6_00 2, 10, 14, 6, 15, 7, 11
7_27_04 5, 13, 1, 9, 14, 6, 10
8_29_04 6, 14, 2, 10, 3, 11, 15, 7
4_21_00 2, 10, 14, 6
2_5_20 12, 4
7_26_12 9, 1, 5, 13, 6, 14, 2
5_16_06 7, 15, 3, 11, 8
8_18_06 4, 12, 16, 8, 5, 13, 1, 9
5_2_14 8, 16, 4, 12, 5
8_25_10 8, 16, 4, 12, 9, 1, 5, 13
3_5_22 13, 5, 9
1_11_16 3
3_11_14 10, 2, 14
5_28_02 4, 12, 16, 8, 9
6_5_02 3, 11, 15, 7, 4, 12
7_8_12 8, 16, 4, 12, 13, 5, 9
2_15_12 10, 2
5_4_22 12, 4, 8, 16, 1
5_16_10 9, 1, 5, 13, 10
6_21_00 2, 10, 14, 6, 3, 11
4_31_00 4,12, 16, 8
4_17_12 7, 15, 3, 11
3_17_10 6, 14, 2
8_3_12 7, 15, 3, 11, 8, 16, 4, 12
4_27_16 11, 3, 7, 15
3_10_16 7, 15, 3
3_14_10 5, 13, 1
4_18_18 10, 2, 6, 14
2_19_04 3, 11
8_1_22 12, 4, 8, 16, 13, 5, 9, 1
2_10_22 10, 2
7_30_00 4, 12, 16, 8, 13, 5, 9
3_28_16 7, 15, 11
2_16_08 4, 12
5_28_14 10, 2, 6, 14, 15
2_1_16 9, 1
4_17_20 11, 3, 7, 15
4_18_12 7, 15, 3, 11
4_21_00 2, 10, 14, 6
8_23_14 9, 1, 5, 13, 10, 2, 6, 14
6_2_04 3, 11, 15, 7, 16, 8
6_9_02 4, 12, 16, 8, 5, 13
5_13_00 4, 12, 16, 8, 1
5_7_22 13, 5, 9, 1, 6
2_1_00 1, 9
7_5_08 6, 14, 2, 10, 7, 15, 3
4_28_00 3, 11, 15, 7
5_14_12 10, 2, 6, 14, 3
3_5_00 2, 10, 14
2_20_08 1, 9
1_22_06 1
3_4_22 8, 16, 12
3_5_10 7, 15, 3
5_22_08 6, 14, 2, 10, 3
4_16_04 6, 14, 2, 10
2_17_06 4, 12
3_9_20 13, 5, 9
8_23_04 4, 12, 16, 8, 5, 13, 1, 9
8_4_12 7, 15, 3, 11, 8, 16, 4, 12
4_22_22 13, 5, 9, 1
5_4_10 6, 14, 2, 10, 11
4_30_18 13, 5, 9, 1
1_16_04 10
8_6_22 13, 5, 9, 1, 14, 6, 10, 2
2_14_22 11, 3
4_13_00 4,12, 16, 8
1_21_02 3
2_30_08 4, 12
8_2_20 11, 3, 7, 15, 12, 4, 8, 16
5_31_14 11, 3, 7, 15, 16
2_16_00 16, 8
2_20_16 5, 13
4_3_04 3, 11, 15, 7
4_25_02 4, 12, 16, 8
4_29_08 8, 16, 4, 12
5_4_00 1, 9, 13, 5, 6
5_9_00 3, 11, 15, 7, 4
4_6_06 5, 13, 1, 9
6_30_02 5, 13, 1, 9, 14, 6
2_25_14 10, 2
3_7_12 8, 16, 12
8_14_22 15, 7, 11, 3, 12, 4, 8, 16
3_11_08 7, 15, 11
4_11_18 12, 4, 8, 16
8_25_20 13, 5, 9, 1, 14, 6, 10, 2
4_16_14 11, 3, 7, 15
6_29_20 14, 6, 10, 2, 11, 3
3_31_08 8, 16, 12
2_18_06 16, 8
3_14_22 11, 3, 7
1_26_10 4
6_3_20 11, 3, 7, 15, 12, 4
6_18_14 8, 16, 4, 12, 5, 13
3_17_08 5, 13, 1
7_9_08 7, 15, 3, 11, 8, 16, 4
5_7_18 11, 3, 7, 15, 4
8_4_22 12, 4, 8, 16, 13, 5, 9, 1
2_10_02 16, 8
6_8_12 8, 16, 4, 12, 5, 13
5_18_02 2, 10, 14, 6, 15
8_19_14 8, 16, 4, 12, 9, 1, 5, 13
2_24_08 2, 10
3_31_00 4,12, 8
6_11_04 5, 13, 1, 9, 6, 14
5_1_16 9, 1, 5, 13, 10
7_15_10 9, 1, 5, 13, 14, 6, 10
6_31_16 12, 4, 8, 16, 9, 1
1_10_10 4
2_19_18 10, 2
4_17_04 3, 11, 15, 7
8_29_08 8, 16, 4, 12, 5, 13, 1, 9
8_7_08 6, 14, 2, 10, 7, 15, 3, 11
7_6_14 9, 1, 5, 13, 6, 14, 2
8_24_22 13, 5, 9, 1, 14, 6, 10, 2
7_15_04 6, 14, 2, 10, 11, 3, 7
8_16_22 15, 7, 11, 3, 12, 4, 8, 16
1_19_06 12
1_14_10 5
2_26_22 10, 2
6_15_14 11, 3, 7, 15, 8, 16
6_18_08 5, 13, 1, 9, 2, 10
1_31_14 3
8_27_10 8, 16, 4, 12, 9, 1, 5, 13
6_15_20 14, 6, 10, 2, 11, 3
4_20_22 12, 4, 8, 16
8_8_08 6, 14, 2, 10, 7, 15, 3, 11
3_28_04 1, 9, 5
1_12_16 15
4_31_22 15, 7, 11, 3
7_16_16 12, 4, 8, 16, 13, 5, 9
6_1_22 12, 4, 8, 16, 13, 5
6_30_02 5, 13, 1, 9, 14, 6
7_2_06 4, 12, 16, 8, 1, 9, 13
6_27_04 5, 13, 1, 9, 6, 14
1_24_12 12
6_1_00 1, 9, 13, 5, 2, 10
4_9_20 13, 5, 9, 1
4_4_18 10, 2, 6, 14
7_10_04 5, 13, 1, 9, 2, 10, 14
6_5_20 12, 4, 8, 16, 13, 5
4_11_14 10, 2, 6, 14
1_25_22 14
6_30_18 13, 5, 9, 1, 6, 14
5_28_00 3, 11, 15, 7, 8
2_10_08 3, 11
4_26_18 12, 4, 8, 16
7_4_18 10, 2, 6, 14, 15, 7, 11
7_20_18 10, 2, 6, 14, 15, 7, 11
3_26_02 16, 8, 12
2_28_22 10, 2
6_3_06 4, 12, 16, 8, 5, 13
6_13_02 5, 13, 1, 9, 2, 10
4_1_10 6, 14, 2, 10
7_27_20 13, 5, 9, 1, 6, 14, 2
1_16_20 2
7_1_10 6, 14, 2, 10, 7, 15, 3
1_28_02 8
6_16_10 9, 1, 5, 13, 2, 10
1_30_12 6
3_9_04 5, 13, 1
1_18_22 8
6_8_00 2, 10, 14, 6, 15, 7
8_27_12 9, 1, 5, 13, 10, 2, 6, 14
1_26_22 10
4_10_06 6, 14, 2, 10
8_4_14 8, 16, 4, 12, 9, 1, 5, 13
3_8_20 8, 16, 12
5_1_00 1, 9, 13, 5, 2
1_15_02 13
8_17_02 2, 10, 14, 6, 3, 11, 15, 7
5_23_08 6, 14, 2, 10, 15
8_19_06 4, 12, 16, 8, 5, 13, 1, 9
4_1_18 10, 2, 6, 14
1_18_08 1
3_12_02 16, 8, 4
1_17_20 11
1_23_00 10
6_24_22 13, 5, 9, 1, 10, 2
5_23_08 6, 14, 2, 10, 15
5_19_08 5, 13, 1, 9, 14
5_28_04 5, 13, 1, 9, 10
6_19_04 3, 11, 15, 7, 4, 12
2_25_04 5, 13
3_30_20 10, 2, 6
3_12_12 5, 13, 9
7_14_18 13, 5, 9, 1, 6, 14, 2
1_14_22 11
5_16_02 5, 13, 1, 9, 6
1_13_18 13
4_4_00 1, 9, 13, 5
4_22_16 10, 2, 6, 14
6_31_16 12, 4, 8, 16, 9, 1
6_9_18 12, 4, 8, 16, 13, 5
8_4_16 9, 1, 5, 13, 10, 2, 6, 14
8_14_06 7, 15, 3, 11, 4, 12, 16, 8
5_9_16 11, 3, 7, 15, 12
3_10_12 5, 13, 1
6_18_04 3, 11, 15, 7, 16, 8
1_17_20 11
5_31_06 7, 15, 3, 11, 12
4_29_08 8, 16, 4, 12
8_18_18 10, 2, 6, 14, 11, 3, 7, 15
3_7_10 7, 15, 11
3_5_12 8, 16, 4
2_12_16 7, 15
7_31_02 5, 13, 1, 9, 10, 2, 6
3_15_22 15, 7, 3
1_30_16 8
2_25_22 14, 6
2_25_04 5, 13
6_15_20 14, 6, 10, 2, 11, 3
8_16_20 14, 6, 10, 2, 11, 3, 7, 15
7_10_14 10, 2, 6, 14, 7, 15, 3
7_14_00 4, 12, 16, 8, 13, 5, 9
2_9_06 6, 14
4_12_02 4, 12, 16, 8
7_12_04 5, 13, 1, 9, 10, 2, 6
8_26_04 5, 13, 1, 9, 6, 14, 2, 10
4_16_12 10, 2, 6, 14
3_7_00 2, 10, 6
1_29_16 12
3_10_22 10, 2, 6
4_2_10 6, 14, 2, 10
5_30_04 6, 14, 2, 10, 15
2_12_02 16, 8
8_18_02 2, 10, 14, 6, 3, 11, 15, 7
3_31_20 14, 6, 2
5_8_02 3, 11, 15, 7, 8
6_29_14 11, 3, 7, 15, 8, 16
1_12_02 8
2_30_20 10, 2
8_4_16 9, 1, 5, 13, 10, 2, 6, 14
5_13_12 10, 2, 6, 14, 7
1_2_02 14
1_7_04 12
5_9_00 3, 11, 15, 7, 4
1_11_10 16
8_21_10 7, 15, 3, 11, 8, 16, 4, 12
4_5_00 2, 10, 14, 6
2_1_14 8, 16
3_23_20 12, 4, 16
8_3_06 4, 12, 16, 8, 5, 13, 1, 9
4_25_14 10, 2, 6, 14
5_15_08 8, 16, 4, 12, 13
3_20_16 5, 13, 9
2_7_04 4, 12
6_9_14 10, 2, 6, 14, 11, 3
1_4_06 8
4_22_08 6, 14, 2, 10
8_1_04 3, 11, 15, 7, 4, 12, 16, 8
2_17_16 9, 1
4_10_10 8, 16, 4, 12
3_1_22 12, 4, 8
3_29_14 11, 3, 7
2_27_06 6, 14
7_2_20 11, 3, 7, 15, 8, 16, 4
3_19_10 6, 14, 10
4_28_12 9, 1, 5, 13
5_31_14 11, 3, 7, 15, 16
7_20_08 5, 13, 1, 9, 10, 2, 6
2_29_18 13, 5
6_8_02 3, 11, 15, 7, 16, 8
5_20_12 7, 15, 3, 11, 12
3_9_18 12, 4, 8
3_3_14 8, 16, 12
4_12_06 6, 14, 2, 10
7_22_08 6, 14, 2, 10, 3, 11, 15
5_8_10 7, 15, 3, 11, 12
3_9_18 12, 4, 8
7_27_04 5, 13, 1, 9, 14, 6, 10
5_28_14 10, 2, 6, 14, 15
2_4_16 5, 13
4_22_18 11, 3, 7, 15
5_12_18 12, 4, 8, 16, 1
2_3_06 4, 12
5_25_10 8, 16, 4, 12, 9
6_14_20 14, 6, 10, 2, 7, 15
2_16_00 16, 8
6_29_16 12, 4, 8, 16, 9, 1
5_8_18 11, 3, 7, 15, 16
6_26_16 11, 3, 7, 15, 8, 16
6_3_06 4, 12, 16, 8, 5, 13
7_9_20 13, 5, 9, 1, 14, 6, 10
3_25_04 5, 13, 1
3_30_08 4, 12, 16
2_23_08 6, 14
4_20_16 9, 1, 5, 13
5_2_00 1, 9, 13, 5, 14
5_4_02 2, 10, 14, 6, 7
4_25_16 11, 3, 7, 15
1_17_22 12
4_2_12 7, 15, 3, 11
6_14_12 10, 2, 6, 14, 3, 11
1_13_18 13
7_5_06 5, 13, 1, 9, 6, 14, 2
8_9_14 10, 2, 6, 14, 11, 3, 7, 15
4_17_02 2, 10, 14, 6
6_13_04 6, 14, 2, 10, 3, 11
8_17_18 10, 2, 6, 14, 11, 3, 7, 15
7_20_20 11, 3, 7, 15, 16, 8, 12
3_15_20 14, 6, 2
3_1_18 10, 2, 6
6_27_20 13, 5, 9, 1, 14, 6
7_14_04 6, 14, 2, 10, 15, 7, 11
7_13_06 7, 15, 3, 11, 4, 12, 16
1_29_08 8
1_19_08 13
4_6_20 12, 4, 8, 16
8_4_00 1, 9, 13, 5, 2, 10, 14, 6
7_26_18 12, 4, 8, 16, 9, 1, 5
7_31_08 8, 16, 4, 12, 13, 5, 9
8_10_18 12, 4, 8, 16, 13, 5, 9, 1
8_20_04 3, 11, 15, 7, 4, 12, 16, 8
4_7_08 6, 14, 2, 10
6_27_02 4, 12, 16, 8, 5, 13
5_4_06 4, 12, 16, 8, 9
3_17_00 1, 9, 13
6_21_10 7, 15, 3, 11, 8, 16
3_26_18 8, 16, 4
3_1_16 9, 1, 5
5_27_22 14, 6, 10, 2, 7
6_2_04 3, 11, 15, 7, 16, 8
2_10_06 2, 10
8_14_00 4, 12, 16, 8, 1, 9, 13, 5
8_9_06 6, 14, 2, 10, 7, 15, 3, 11
2_20_10 2, 10
6_16_20 14, 6, 10, 2, 7, 15
5_30_10 9, 1, 5, 13, 2
6_2_20 11, 3, 7, 15, 8, 16
2_11_14 10, 2
6_14_04 6, 14, 2, 10, 15, 7
2_14_06 3, 11
6_18_06 4, 12, 16, 8, 1, 9
4_3_04 3, 11, 15, 7
3_4_14 4, 12, 8
7_4_14 8, 16, 4, 12, 13, 5, 9
8_20_04 3, 11, 15, 7, 4, 12, 16, 8
5_17_14 8, 16, 4, 12, 9
2_2_10 2, 10
7_14_20 14, 6, 10, 2, 7, 15, 3
1_23_04 12
7_11_22 14, 6, 10, 2, 7, 15, 3
1_31_06 15
4_17_08 5, 13, 1, 9
4_30_00 4,12, 16, 8
5_10_20 13, 5, 9, 1, 10
7_15_12 10, 2, 6, 14, 15, 7, 11
3_10_06 2, 10, 14
2_20_22 8, 16
5_23_02 3, 11, 15, 7, 12
8_19_14 8, 16, 4, 12, 9, 1, 5, 13
6_24_06 5, 13, 1, 9, 2, 10
8_22_06 5, 13, 1, 9, 6, 14, 2, 10
1_24_12 12
6_29_02 5, 13, 1, 9, 2, 10
1_16_08 12
2_10_16 7, 15
6_9_18 12, 4, 8, 16, 13, 5
2_10_12 5, 13
2_27_02 4, 12
5_17_20 11, 3, 7, 15, 12
3_17_02 2, 10, 14
4_13_22 15, 7, 11, 3
2_16_00 16, 8
3_6_06 1, 9, 13
3_27_04 5, 13, 9
2_12_08 3, 11
4_19_12 7, 15, 3, 11
7_9_20 13, 5, 9, 1, 14, 6, 10
3_31_12 10, 2, 14
8_27_16 11, 3, 7, 15, 12, 4, 8, 16
2_17_08 5, 13
6_24_20 12, 4, 8, 16, 9, 1
2_17_12 7, 15
7_23_14 9, 1, 5, 13, 2, 10, 14
1_2_22 8
1_24_12 12
2_13_22 15, 7
1_31_06 15
6_5_16 10, 2, 6, 14, 11, 3
8_29_16 12, 4, 8, 16, 9, 1, 5, 13
5_5_08 6, 14, 2, 10, 7
5_20_20 11, 3, 7, 15, 16
7_28_02 4, 12, 16, 8, 9, 1, 5
8_22_14 9, 1, 5, 13, 10, 2, 6, 14
6_1_04 3, 11, 15, 7, 4, 12
7_22_00 2, 10, 14, 6, 15, 7, 11
1_12_22 2
1_4_10 10
6_4_20 11, 3, 7, 15, 8, 16
6_13_00 4, 12, 16, 8, 1, 9
3_11_08 7, 15, 11
5_31_14 11, 3, 7, 15, 16
6_9_00 3, 11, 15, 7, 4, 12
7_27_22 14, 6, 10, 2, 7, 15, 3
2_10_04 1, 9
5_3_06 4, 12, 16, 8, 13
2_27_02 4, 12
7_27_14 10, 2, 6, 14, 3, 11, 15
5_11_02 4, 12, 16, 8, 13
5_20_12 7, 15, 3, 11, 12
7_22_22 13, 5, 9, 1, 10, 2, 6
6_24_10 7, 15, 3, 11, 4, 12
3_23_00 2, 10, 6
1_19_16 1
2_20_18 6, 14
2_10_22 10, 2
5_27_00 3, 11, 15, 7, 12
1_21_12 8
3_2_06 16, 8, 12
7_11_12 9, 1, 5, 13, 2, 10, 14
3_19_06 4, 12, 8
4_14_00 4,12, 16, 8
8_17_00 1, 9, 13, 5, 2, 10, 14, 6
6_9_12 9, 1, 5, 13, 10, 2
2_29_04 6, 14
5_5_14 9, 1, 5, 13, 10
8_14_22 15, 7, 11, 3, 12, 4, 8, 16
2_18_00 13, 5
7_20_00 1, 9, 13, 5, 6, 14, 2
4_1_18 10, 2, 6, 14
2_28_10 4, 12
1_14_22 11
7_4_16 9, 1, 5, 13, 14, 6, 10
4_21_02 3, 11, 15, 7
6_31_12 10, 2, 6, 14, 7, 15
6_30_14 11, 3, 7, 15, 4, 12
1_24_02 7
2_10_00 15, 7
3_22_04 16, 8, 12
3_29_10 9, 1, 5
1_8_12 12
8_2_16 9, 1, 5, 13, 10, 2, 6, 14
2_13_22 15, 7
3_20_08 1, 9, 5
1_30_14 7
7_17_00 1, 9, 13, 5, 2, 10, 14
3_10_00 15, 7, 11
3_14_06 3, 11, 15
8_14_06 7, 15, 3, 11, 4, 12, 16, 8
4_1_14 8, 16, 4, 12
4_15_22 15, 7, 11, 3
6_28_12 9, 1, 5, 13, 6, 14
6_26_14 10, 2, 6, 14, 7, 15
3_23_18 11, 3, 15
3_11_18 12, 4, 16
6_9_02 4, 12, 16, 8, 5, 13
8_22_04 4, 12, 16, 8, 5, 13, 1, 9
1_6_06 1
2_7_08 6, 14
4_18_12 7, 15, 3, 11
1_7_14 1
1_21_16 10
8_31_02 5, 13, 1, 9, 2, 10, 14, 6
5_25_06 6, 14, 2, 10, 7
6_24_06 5, 13, 1, 9, 2, 10
6_2_08 5, 13, 1, 9, 2, 10
5_2_08 5, 13, 1, 9, 2
7_12_22 14, 6, 10, 2, 3, 11, 15
8_15_20 14, 6, 10, 2, 11, 3, 7, 15
4_23_16 10, 2, 6, 14
3_24_08 2, 10, 6
8_18_14 8, 16, 4, 12, 9, 1, 5, 13
5_5_12 8, 16, 4, 12, 9
7_31_10 9, 1, 5, 13, 14, 6, 10
5_27_16 11, 3, 7, 15, 4
5_1_12 7, 15, 3, 11, 8
1_9_14 10
2_8_22 9, 1
8_6_08 6, 14, 2, 10, 7, 15, 3, 11
5_30_22 15, 7, 11, 3, 8
6_11_14 10, 2, 6, 14, 11, 3
6_1_06 4, 12, 16, 8, 5, 13
2_29_04 6, 14
7_25_16 11, 3, 7, 15, 12, 4, 8
3_26_16 7, 15, 3
7_19_06 4, 12, 16, 8, 13, 5, 9
2_10_18 8, 16
1_30_04 2
3_6_04 16, 8, 12
7_19_00 1, 9, 13, 5, 10, 2, 6
6_28_08 7, 15, 3, 11, 4, 12
7_9_22 14, 6, 10, 2, 15, 7, 11
4_8_08 6, 14, 2, 10
4_23_14 9, 1, 5, 13
3_6_06 1, 9, 13
6_19_08 5, 13, 1, 9, 6, 14
5_3_12 7, 15, 3, 11, 16
8_19_14 8, 16, 4, 12, 9, 1, 5, 13
2_9_04 5, 13
7_31_12 10, 2, 6, 14, 15, 7, 11
4_30_14 11, 3, 7, 15
5_12_04 5, 13, 1, 9, 10
1_18_08 1
4_31_00 4,12, 16, 8
7_24_16 10, 2, 6, 14, 15, 7, 11
3_19_02 2, 10, 6
7_27_06 6, 14, 2, 10, 15, 7, 11
5_22_14 9, 1, 5, 13, 6
7_20_18 10, 2, 6, 14, 15, 7, 11
5_15_06 7, 15, 3, 11, 12
6_2_10 6, 14, 2, 10, 3, 11
2_31_18 13, 5
5_4_18 10, 2, 6, 14, 15
5_1_16 9, 1, 5, 13, 10
1_21_02 3
4_15_00 4,12, 16, 8
1_19_14 16
6_12_22 14, 6, 10, 2, 11, 3
6_6_10 7, 15, 3, 11, 4, 12
5_12_16 11, 3, 7, 15, 16
5_10_12 9, 1, 5, 13, 6
8_27_16 11, 3, 7, 15, 12, 4, 8, 16
1_22_10 3
2_24_00 14, 6
7_25_18 12, 4, 8, 16, 13, 5, 9
3_28_14 6, 14, 10
1_18_08 1
8_26_00 3, 11, 15, 7, 4, 12, 16, 8
7_16_06 7, 15, 3, 11, 8, 16, 4
5_16_10 9, 1, 5, 13, 10
8_28_08 7, 15, 3, 11, 8, 16, 4, 12
5_10_20 13, 5, 9, 1, 10
4_16_20 14, 6, 10, 2
1_1_20 11
5_9_18 12, 4, 8, 16, 13
5_6_02 3, 11, 15, 7, 16
8_29_00 4, 12, 16, 8, 1, 9, 13, 5
6_26_02 4, 12, 16, 8, 1, 9
8_6_06 5, 13, 1, 9, 6, 14, 2, 10
2_16_12 6, 14
4_16_10 9, 1, 5, 13
7_7_10 7, 15, 3, 11, 16, 8, 12
1_18_02 14
2_26_10 4, 12
7_3_06 4, 12, 16, 8, 13, 5, 9
5_4_04 3, 11, 15, 7, 8
5_30_10 9, 1, 5, 13, 2
5_20_08 5, 13, 1, 9, 10
7_20_16 9, 1, 5, 13, 14, 6, 10
3_11_02 4, 12, 8
8_15_02 5, 13, 1, 9, 2, 10, 14, 6
1_1_16 9
8_19_16 9, 1, 5, 13, 10, 2, 6, 14
7_9_06 6, 14, 2, 10, 7, 15, 3
4_14_10 9, 1, 5, 13
3_8_22 9, 1, 13
4_13_22 15, 7, 11, 3
6_14_16 12, 4, 8, 16, 5, 13
3_1_02 2, 10, 14
8_10_06 6, 14, 2, 10, 7, 15, 3, 11
1_9_08 7
7_12_04 5, 13, 1, 9, 10, 2, 6
5_22_22 13, 5, 9, 1, 10
5_27_14 10, 2, 6, 14, 3
6_30_06 7, 15, 3, 11, 16, 8
6_23_20 12, 4, 8, 16, 13, 5
4_2_04 3, 11, 15, 7
5_30_06 7, 15, 3, 11, 16
2_30_16 8, 16
4_19_12 7, 15, 3, 11
6_31_08 8, 16, 4, 12, 5, 13
3_9_22 14, 6, 10
6_27_08 7, 15, 3, 11, 8, 16
1_29_02 5
8_24_22 13, 5, 9, 1, 14, 6, 10, 2
1_28_02 8
7_10_00 3, 11, 15, 7, 16, 8, 12
1_20_00 5
8_28_22 14, 6, 10, 2, 15, 7, 11, 3
5_16_06 7, 15, 3, 11, 8
7_18_06 4, 12, 16, 8, 1, 9, 13
2_23_00 2, 10
4_26_22 14, 6, 10, 2
8_20_08 5, 13, 1, 9, 6, 14, 2, 10
8_12_16 11, 3, 7, 15, 12, 4, 8, 16
8_23_08 6, 14, 2, 10, 7, 15, 3, 11
3_28_08 3, 11, 7
8_30_04 6, 14, 2, 10, 3, 11, 15, 7
1_11_12 1
5_8_00 2, 10, 14, 6, 7
8_29_12 10, 2, 6, 14, 7, 15, 3, 11
6_4_02 2, 10, 14, 6, 15, 7
1_13_18 13
6_26_18 12, 4, 8, 16, 9, 1
8_14_00 4, 12, 16, 8, 1, 9, 13, 5
8_4_08 5, 13, 1, 9, 6, 14, 2, 10
8_7_12 8, 16, 4, 12, 9, 1, 5, 13
3_3_02 2, 10, 6
1_18_12 3
8_22_00 2, 10, 14, 6, 3, 11, 15, 7
6_22_14 9, 1, 5, 13, 6, 14
3_11_08 7, 15, 11
3_1_00 1, 9, 13
4_7_08 6, 14, 2, 10
2_27_16 11, 3
8_17_20 11, 3, 7, 15, 12, 4, 8, 16
7_2_02 2, 10, 14, 6, 15, 7, 11
6_21_20 12, 4, 8, 16, 13, 5
3_20_00 13, 5, 1
6_11_10 8, 16, 4, 12, 9, 1
3_25_22 14, 6, 10
2_8_02 15, 7
4_25_22 14, 6, 10, 2
3_27_22 14, 6, 2
5_19_16 9, 1, 5, 13, 2
1_2_18 6
3_20_10 2, 10, 6
3_28_12 5, 13, 9
5_13_18 13, 5, 9, 1, 10
2_2_18 6, 14
6_12_14 10, 2, 6, 14, 7, 15
6_2_22 12, 4, 8, 16, 9, 1
3_27_00 3, 11, 7
8_7_00 2, 10, 14, 6, 3, 11, 15, 7
7_18_00 1, 9, 13, 5, 14, 6, 10
7_6_22 13, 5, 9, 1, 10, 2, 6
1_18_02 14
2_25_16 11, 3
7_9_02 4, 12, 16, 8, 5, 13, 1
5_25_18 12, 4, 8, 16, 13
5_27_18 12, 4, 8, 16, 5
5_14_08 8, 16, 4, 12, 1
7_6_12 8, 16, 4, 12, 5, 13, 1
5_21_12 8, 16, 4, 12, 9
2_6_16 6, 14
8_5_02 3, 11, 15, 7, 4, 12, 16, 8
7_6_02 3, 11, 15, 7, 16, 8, 12
3_20_10 2, 10, 6
8_8_02 3, 11, 15, 7, 4, 12, 16, 8
3_8_10 3, 11, 7
2_14_10 5, 13
6_7_14 9, 1, 5, 13, 10, 2
4_5_12 8, 16, 4, 12
7_27_10 8, 16, 4, 12, 1, 9, 13
6_27_00 3, 11, 15, 7, 4, 12
5_4_18 10, 2, 6, 14, 15
4_17_00 1, 9, 13, 5
4_15_10 9, 1, 5, 13
5_19_12 7, 15, 3, 11, 16
3_31_00 4,12, 8
7_21_04 4, 12, 16, 8, 5, 13, 1
5_30_20 14, 6, 10, 2, 7
5_23_00 2, 10, 14, 6, 11
6_19_16 9, 1, 5, 13, 10, 2
3_17_18 10, 2, 6
4_14_02 5, 13, 1, 9
8_23_04 4, 12, 16, 8, 5, 13, 1, 9
2_11_20 13, 5
8_8_06 5, 13, 1, 9, 6, 14, 2, 10
4_29_00 4,12, 16, 8
2_1_22 12, 4
4_4_14 8, 16, 4, 12
3_29_12 10, 2, 6
8_14_00 4, 12, 16, 8, 1, 9, 13, 5
3_24_02 15, 7, 3
1_6_16 6
4_7_06 5, 13, 1, 9
2_14_06 3, 11
2_20_18 6, 14
4_24_04 4, 12, 16, 8
2_11_08 7, 15
4_25_18 12, 4, 8, 16
3_13_02 5, 13, 1
5_15_12 10, 2, 6, 14, 15
5_10_16 11, 3, 7, 15, 8
7_10_22 14, 6, 10, 2, 11, 3, 7
2_19_16 9, 1
7_18_08 5, 13, 1, 9, 2, 10, 14
4_4_08 5, 13, 1, 9
3_13_18 13, 5, 9
5_31_00 4, 12, 16, 8, 9
1_5_18 11
1_13_20 14
3_17_04 3, 11, 15
3_8_12 4, 12, 8
4_13_18 13, 5, 9, 1
3_23_16 10, 2, 14
4_24_18 11, 3, 7, 15
1_18_20 7
8_6_20 12, 4, 8, 16, 13, 5, 9, 1
2_3_04 3, 11
5_20_18 10, 2, 6, 14, 15
2_11_00 3, 11
3_30_16 8, 16, 4
2_1_22 12, 4
5_29_14 11, 3, 7, 15, 8
4_2_18 10, 2, 6, 14
5_29_22 15, 7, 11, 3, 12
5_16_02 5, 13, 1, 9, 6
6_8_14 9, 1, 5, 13, 6, 14
4_22_22 13, 5, 9, 1
2_25_02 4, 12
8_2_22 12, 4, 8, 16, 13, 5, 9, 1
8_17_12 7, 15, 3, 11, 8, 16, 4, 12
3_12_04 1, 9, 5
2_22_02 15, 7
5_28_04 5, 13, 1, 9, 10
6_15_00 4, 12, 16, 8, 1, 9
5_26_04 5, 13, 1, 9, 2
4_29_14 11, 3, 7, 15
3_23_12 8, 16, 12
6_23_14 9, 1, 5, 13, 10, 2
2_16_20 10, 2
8_9_14 10, 2, 6, 14, 11, 3, 7, 15
4_16_22 15, 7, 11, 3
3_20_20 7, 15, 11
8_16_18 13, 5, 9, 1, 10, 2, 6, 14
8_19_00 1, 9, 13, 5, 2, 10, 14, 6
4_8_16 10, 2, 6, 14
7_12_02 4, 12, 16, 8, 9, 1, 5
6_25_00 3, 11, 15, 7, 4, 12
4_9_00 3, 11, 15, 7
5_14_18 13, 5, 9, 1, 6
2_17_16 9, 1
5_22_02 3, 11, 15, 7, 16
1_31_22 7
5_4_04 3, 11, 15, 7, 8
5_28_04 5, 13, 1, 9, 10
3_23_06 5, 13, 9
1_30_14 7
2_5_04 4, 12
1_19_10 14
1_21_00 2
8_11_08 7, 15, 3, 11, 8, 16, 4, 12
5_11_04 5, 13, 1, 9, 14
1_19_12 15
2_22_04 16, 8
7_23_06 5, 13, 1, 9, 14, 6, 10
7_12_12 9, 1, 5, 13, 14, 6, 10
3_21_00 2, 10, 14
7_24_12 8, 16, 4, 12, 13, 5, 9
1_7_10 15
1_6_16 6
1_17_22 12
1_23_20 4
8_13_22 15, 7, 11, 3, 12, 4, 8, 16
1_17_14 8
7_9_16 11, 3, 7, 15, 12, 4, 8
3_16_06 3, 11, 7
3_27_14 10, 2, 14
1_12_20 1
6_13_16 12, 4, 8, 16, 9, 1
8_17_20 11, 3, 7, 15, 12, 4, 8, 16
4_13_00 4,12, 16, 8
1_12_22 2
6_18_00 1, 9, 13, 5, 14, 6
7_2_06 4, 12, 16, 8, 1, 9, 13
7_23_14 9, 1, 5, 13, 2, 10, 14
6_25_08 7, 15, 3, 11, 8, 16
3_4_10 2, 10, 6
1_28_16 15
2_26_14 6, 14
8_12_10 8, 16, 4, 12, 9, 1, 5, 13
3_29_04 6, 14, 2
7_29_02 5, 13, 1, 9, 2, 10, 14
1_2_12 3
8_31_00 4, 12, 16, 8, 1, 9, 13, 5
3_24_18 7, 15, 11
7_9_18 12, 4, 8, 16, 13, 5, 9
3_9_02 4, 12, 16
4_29_12 10, 2, 6, 14
8_4_02 2, 10, 14, 6, 3, 11, 15, 7
3_30_18 9, 1, 5
5_12_12 9, 1, 5, 13, 14
7_18_08 5, 13, 1, 9, 2, 10, 14
8_20_12 7, 15, 3, 11, 8, 16, 4, 12
1_15_20 6
7_18_08 5, 13, 1, 9, 2, 10, 14
2_14_04 2, 10
5_14_12 10, 2, 6, 14, 3
3_2_06 16, 8, 12
7_15_18 13, 5, 9, 1, 2, 10, 14
7_20_20 11, 3, 7, 15, 16, 8, 12
1_22_08 2
2_19_14 8, 16
7_26_08 7, 15, 3, 11, 4, 12, 16
5_6_04 4, 12, 16, 8, 1
3_10_04 1, 9, 13
4_23_20 12, 4, 8, 16
4_16_06 7, 15, 3, 11
7_25_06 6, 14, 2, 10, 7, 15, 3
4_23_06 5, 13, 1, 9
2_26_02 16, 8
4_13_12 10, 2, 6, 14
6_8_06 5, 13, 1, 9, 2, 10
2_8_04 16, 8
2_3_18 10, 2
5_15_00 4, 12, 16, 8, 9
8_2_20 11, 3, 7, 15, 12, 4, 8, 16
1_15_00 12
5_26_04 5, 13, 1, 9, 2
4_13_18 13, 5, 9, 1
2_21_18 11, 3
6_17_10 6, 14, 2, 10, 7, 15
6_28_04 5, 13, 1, 9, 2, 10
4_18_04 3, 11, 15, 7
3_6_10 3, 11, 15
1_10_10 4
7_23_12 8, 16, 4, 12, 1, 9, 13
4_25_02 4, 12, 16, 8
1_25_02 4
4_30_20 14, 6, 10, 2
6_26_10 8, 16, 4, 12, 5, 13
6_30_14 11, 3, 7, 15, 4, 12
1_18_06 16
1_5_22 13
5_21_02 3, 11, 15, 7, 4
2_22_14 5, 13
4_5_16 10, 2, 6, 14
4_13_22 15, 7, 11, 3
7_29_00 4, 12, 16, 8, 1, 9, 13
5_10_22 14, 6, 10, 2, 11
4_21_12 8, 16, 4, 12
6_3_12 7, 15, 3, 11, 8, 16
1_25_04 5
6_16_20 14, 6, 10, 2, 7, 15
7_17_10 6, 14, 2, 10, 7, 15, 3
5_22_08 6, 14, 2, 10, 3
2_20_14 4, 12
1_10_02 16
8_20_00 1, 9, 13, 5, 2, 10, 14, 6
1_27_16 3
7_31_12 10, 2, 6, 14, 15, 7, 11
7_9_16 11, 3, 7, 15, 12, 4, 8
6_25_18 12, 4, 8, 16, 13, 5
5_21_10 7, 15, 3, 11, 8
6_30_12 10, 2, 6, 14, 3, 11
8_4_14 8, 16, 4, 12, 9, 1, 5, 13
7_24_14 9, 1, 5, 13, 14, 6, 10
5_21_16 10, 2, 6, 14, 11
8_4_10 6, 14, 2, 10, 7, 15, 3, 11
5_19_22 12, 4, 8, 16, 5
7_14_04 6, 14, 2, 10, 15, 7, 11
8_27_12 9, 1, 5, 13, 10, 2, 6, 14
1_24_22 1
4_10_22 14, 6, 10, 2
5_8_16 10, 2, 6, 14, 15
3_12_00 15, 7, 3
1_23_18 3
2_13_14 11, 3
8_7_22 13, 5, 9, 1, 14, 6, 10, 2
5_15_10 9, 1, 5, 13, 14
6_13_10 9, 1, 5, 13, 6, 14
3_7_20 12, 4, 16
1_7_02 11
4_11_14 10, 2, 6, 14
4_26_12 9, 1, 5, 13
5_16_08 8, 16, 4, 12, 9
6_12_20 13, 5, 9, 1, 10, 2
2_16_12 6, 14
8_27_08 7, 15, 3, 11, 8, 16, 4, 12
7_5_06 5, 13, 1, 9, 6, 14, 2
6_3_16 9, 1, 5, 13, 10, 2
1_19_10 14
6_28_08 7, 15, 3, 11, 4, 12
6_31_00 4, 12, 16, 8, 1, 9
6_21_06 5, 13, 1, 9, 6, 14
1_28_12 13
3_7_22 13, 5, 1
4_29_20 14, 6, 10, 2
3_14_14 7, 15, 3
2_11_08 7, 15
2_15_04 6, 14
3_23_06 5, 13, 9
3_31_22 15, 7, 3
1_14_00 16
5_1_02 2, 10, 14, 6, 3
4_13_16 12, 4, 8, 16
2_2_20 7, 15
1_30_20 10
1_11_14 2
8_4_20 11, 3, 7, 15, 12, 4, 8, 16
3_31_22 15, 7, 3
1_4_18 14
1_21_06 5
4_4_08 5, 13, 1, 9
3_25_08 7, 15, 3
8_14_14 11, 3, 7, 15, 8, 16, 4, 12
3_8_08 2, 10, 6
5_14_02 5, 13, 1, 9, 14
1_29_06 7
6_27_00 3, 11, 15, 7, 4, 12
3_22_16 6, 14, 2
8_28_22 14, 6, 10, 2, 15, 7, 11, 3
3_12_22 10, 2, 14
5_28_04 5, 13, 1, 9, 10
2_12_12 5, 13
8_12_22 14, 6, 10, 2, 15, 7, 11, 3
8_7_14 9, 1, 5, 13, 10, 2, 6, 14
8_23_14 9, 1, 5, 13, 10, 2, 6, 14
4_24_00 2, 10, 14, 6
7_29_12 10, 2, 6, 14, 7, 15, 3
8_11_08 7, 15, 3, 11, 8, 16, 4, 12
2_9_06 6, 14
1_13_18 13
2_28_20 9, 1
7_21_22 13, 5, 9, 1, 14, 6, 10
5_7_18 11, 3, 7, 15, 4
7_15_16 12, 4, 8, 16, 1, 9, 13
2_5_10 7, 15
7_21_22 13, 5, 9, 1, 14, 6, 10
5_18_18 10, 2, 6, 14, 7
7_30_10 9, 1, 5, 13, 2, 10, 14
6_27_00 3, 11, 15, 7, 4, 12
7_11_08 7, 15, 3, 11, 16, 8, 12
5_13_10 9, 1, 5, 13, 6
8_24_02 3, 11, 15, 7, 4, 12, 16, 8
8_21_00 2, 10, 14, 6, 3, 11, 15, 7
8_3_06 4, 12, 16, 8, 5, 13, 1, 9
6_8_10 7, 15, 3, 11, 4, 12
5_7_16 10, 2, 6, 14, 3
5_27_20 13, 5, 9, 1, 6
8_20_16 9, 1, 5, 13, 10, 2, 6, 14
5_13_00 4, 12, 16, 8, 1
6_23_04 4, 12, 16, 8, 5, 13
6_1_20 11, 3, 7, 15, 12, 4
2_18_04 15, 7
3_21_02 3, 11, 15
2_31_20 14, 6
2_19_18 10, 2
1_10_04 1
5_31_22 15, 7, 11, 3, 4
6_17_20 11, 3, 7, 15, 12, 4
6_12_20 13, 5, 9, 1, 10, 2
3_18_14 4, 12, 16
2_9_20 13, 5
6_8_00 2, 10, 14, 6, 15, 7
3_23_16 10, 2, 14
3_27_10 8, 16, 12
1_13_16 12
8_21_10 7, 15, 3, 11, 8, 16, 4, 12
8_4_04 3, 11, 15, 7, 4, 12, 16, 8
7_27_08 7, 15, 3, 11, 16, 8, 12
5_31_16 12, 4, 8, 16, 1
5_23_20 12, 4, 8, 16, 5
2_27_14 10, 2
7_9_06 6, 14, 2, 10, 7, 15, 3
4_25_20 13, 5, 9, 1
7_3_08 5, 13, 1, 9, 14, 6, 10
4_24_12 8, 16, 4, 12
4_26_04 5, 13, 1, 9
5_14_00 4, 12, 16, 8, 13
5_2_04 3, 11, 15, 7, 16
6_14_06 7, 15, 3, 11, 16, 8
2_22_22 9, 1
8_9_22 14, 6, 10, 2, 15, 7, 11, 3
5_18_08 5, 13, 1, 9, 2
4_19_14 8, 16, 4, 12
3_2_14 4, 12, 16
3_31_18 13, 5, 1
8_15_16 12, 4, 8, 16, 9, 1, 5, 13
7_1_14 8, 16, 4, 12, 9, 1, 5
6_24_10 7, 15, 3, 11, 4, 12
4_5_18 11, 3, 7, 15
6_21_04 4, 12, 16, 8, 5, 13
6_13_06 7, 15, 3, 11, 4, 12
4_5_04 4, 12, 16, 8
6_6_14 9, 1, 5, 13, 6, 14
6_18_06 4, 12, 16, 8, 1, 9
5_13_12 10, 2, 6, 14, 7
3_8_16 6, 14, 10
4_5_16 10, 2, 6, 14
1_1_04 3
8_14_22 15, 7, 11, 3, 12, 4, 8, 16
2_5_22 13, 5
4_4_16 9, 1, 5, 13
6_14_10 9, 1, 5, 13, 2, 10
4_2_06 4, 12, 16, 8
5_28_08 7, 15, 3, 11, 12
3_10_02 16, 8, 12
8_27_06 6, 14, 2, 10, 7, 15, 3, 11
7_10_12 9, 1, 5, 13, 6, 14, 2
5_24_12 8, 16, 4, 12, 13
6_9_12 9, 1, 5, 13, 10, 2
6_12_20 13, 5, 9, 1, 10, 2
5_15_22 15, 7, 11, 3, 4
8_16_20 14, 6, 10, 2, 11, 3, 7, 15
4_3_20 11, 3, 7, 15
4_7_00 2, 10, 14, 6
3_10_14 6, 14, 2
7_3_16 9, 1, 5, 13, 2, 10, 14
8_21_02 3, 11, 15, 7, 4, 12, 16, 8
8_19_20 11, 3, 7, 15, 12, 4, 8, 16
6_7_16 10, 2, 6, 14, 11, 3
1_17_04 3
1_12_22 2
6_31_00 4, 12, 16, 8, 1, 9
1_1_22 12
6_22_18 11, 3, 7, 15, 8, 16
1_19_14 16
3_12_14 6, 14, 10
4_16_20 14, 6, 10, 2
1_25_08 7
5_10_18 12, 4, 8, 16, 9
8_3_00 1, 9, 13, 5, 2, 10, 14, 6
8_23_12 8, 16, 4, 12, 9, 1, 5, 13
7_19_02 2, 10, 14, 6, 11, 3, 7
5_25_16 11, 3, 7, 15, 12
7_7_14 9, 1, 5, 13, 2, 10, 14
1_31_10 1
3_28_14 6, 14, 10
8_16_02 5, 13, 1, 9, 2, 10, 14, 6
7_5_14 9, 1, 5, 13, 10, 2, 6
8_4_16 9, 1, 5, 13, 10, 2, 6, 14
8_15_12 10, 2, 6, 14, 7, 15, 3, 11
2_25_00 3, 11
5_6_08 6, 14, 2, 10, 3
4_11_20 13, 5, 9, 1
7_20_02 2, 10, 14, 6, 7, 15, 3
2_9_08 7, 15
6_8_10 7, 15, 3, 11, 4, 12
3_11_10 8, 16, 12
1_26_14 6
8_1_20 11, 3, 7, 15, 12, 4, 8, 16
3_5_18 11, 3, 7
5_5_08 6, 14, 2, 10, 7
3_21_04 4, 12, 16
6_4_22 12, 4, 8, 16, 9, 1
3_11_02 4, 12, 8
1_17_08 5
1_11_20 5
1_9_06 6
4_24_14 9, 1, 5, 13
3_25_12 9, 1, 5
1_10_10 4
6_14_16 12, 4, 8, 16, 5, 13
2_30_04 2, 10
1_14_12 6
2_24_20 8, 16
3_7_10 7, 15, 11
4_1_10 6, 14, 2, 10
6_8_04 4, 12, 16, 8, 1, 9
8_18_04 3, 11, 15, 7, 4, 12, 16, 8
2_1_16 9, 1
7_20_18 10, 2, 6, 14, 15, 7, 11
1_24_18 15
7_11_12 9, 1, 5, 13, 2, 10, 14
4_16_00 4,12, 16, 8
4_3_20 11, 3, 7, 15
2_3_20 11, 3
3_9_08 7, 15, 3
3_6_16 6, 14, 2
2_19_18 10, 2
7_6_08 6, 14, 2, 10, 3, 11, 15
7_8_06 5, 13, 1, 9, 10, 2, 6
1_21_10 7
8_23_06 5, 13, 1, 9, 6, 14, 2, 10
2_30_18 9, 1
6_3_00 1, 9, 13, 5, 2, 10
7_1_14 8, 16, 4, 12, 9, 1, 5
3_22_14 5, 13, 1
2_5_04 4, 12
4_31_16 12, 4, 8, 16
5_20_18 10, 2, 6, 14, 15
2_9_08 7, 15
1_17_08 5
5_22_08 6, 14, 2, 10, 3
2_11_16 11, 3
6_16_14 11, 3, 7, 15, 4, 12
6_14_16 12, 4, 8, 16, 5, 13
5_7_18 11, 3, 7, 15, 4
6_14_04 6, 14, 2, 10, 15, 7
6_25_22 14, 6, 10, 2, 15, 7
5_5_22 13, 5, 9, 1, 14
3_24_04 16, 8, 4
7_3_22 12, 4, 8, 16, 5, 13, 1
6_2_14 8, 16, 4, 12, 5, 13
2_29_00 4,12
1_10_08 3
5_24_16 10, 2, 6, 14, 15
5_19_02 2, 10, 14, 6, 11
8_19_06 4, 12, 16, 8, 5, 13, 1, 9
6_13_10 9, 1, 5, 13, 6, 14
1_11_22 6
2_4_04 15, 7
6_3_02 2, 10, 14, 6, 3, 11
7_22_16 10, 2, 6, 14, 7, 15, 3
4_14_22 15, 7, 11, 3
6_29_06 7, 15, 3, 11, 4, 12
6_5_14 9, 1, 5, 13, 10, 2
1_21_20 12
1_18_12 3
8_3_22 12, 4, 8, 16, 13, 5, 9, 1
7_23_18 11, 3, 7, 15, 4, 12, 16
2_27_14 10, 2
3_21_18 11, 3, 7
4_29_14 11, 3, 7, 15
8_9_22 14, 6, 10, 2, 15, 7, 11, 3
3_10_04 1, 9, 13
3_18_22 8, 16, 4
5_5_16 10, 2, 6, 14, 11
3_31_04 6, 14, 10
4_25_06 6, 14, 2, 10
2_19_12 7, 15
3_17_06 4, 12, 16
6_4_16 9, 1, 5, 13, 6, 14
2_18_12 3, 11
1_4_20 15
5_19_04 3, 11, 15, 7, 12
8_26_18 12, 4, 8, 16, 13, 5, 9, 1
3_30_20 10, 2, 6
6_15_20 14, 6, 10, 2, 11, 3
7_4_02 2, 10, 14, 6, 7, 15, 3
3_28_04 1, 9, 5
3_8_18 7, 15, 11
1_19_08 13
2_10_04 1, 9
6_3_08 5, 13, 1, 9, 6, 14
8_11_14 10, 2, 6, 14, 11, 3, 7, 15
7_16_06 7, 15, 3, 11, 8, 16, 4
5_11_02 4, 12, 16, 8, 13
3_4_22 8, 16, 12
2_13_20 14, 6
4_22_20 12, 4, 8, 16
5_21_12 8, 16, 4, 12, 9
2_3_22 12, 4
4_2_06 4, 12, 16, 8
1_18_20 7
8_28_04 5, 13, 1, 9, 6, 14, 2, 10
3_28_08 3, 11, 7
3_19_08 5, 13, 9
7_22_20 12, 4, 8, 16, 9, 1, 5
2_31_18 13, 5
1_22_04 16
6_11_18 12, 4, 8, 16, 13, 5
7_16_18 13, 5, 9, 1, 14, 6, 10
1_13_18 13
1_2_10 2
4_25_18 12, 4, 8, 16
8_31_18 13, 5, 9, 1, 10, 2, 6, 14
8_10_16 11, 3, 7, 15, 12, 4, 8, 16
4_4_08 5, 13, 1, 9
2_1_20 11, 3
8_11_18 12, 4, 8, 16, 13, 5, 9, 1
4_24_12 8, 16, 4, 12
7_4_20 11, 3, 7, 15, 16, 8, 12
1_31_12 2
2_26_14 6, 14
3_3_00 1, 9, 5
4_13_20 14, 6, 10, 2
8_31_22 15, 7, 11, 3, 12, 4, 8, 16
6_16_06 7, 15, 3, 11, 16, 8
2_2_02 14, 6
1_8_06 9
8_24_06 5, 13, 1, 9, 6, 14, 2, 10
8_29_02 5, 13, 1, 9, 2, 10, 14, 6
3_27_08 7, 15, 11
5_22_12 8, 16, 4, 12, 5
1_17_18 10
6_31_02 5, 13, 1, 9, 2, 10
7_11_14 10, 2, 6, 14, 3, 11, 15
5_31_16 12, 4, 8, 16, 1
1_27_06 14
5_4_04 3, 11, 15, 7, 8
6_25_22 14, 6, 10, 2, 15, 7
2_14_14 7, 15
5_9_04 5, 13, 1, 9, 6
5_20_18 10, 2, 6, 14, 15
7_10_02 4, 12, 16, 8, 1, 9, 13
4_14_22 15, 7, 11, 3
2_27_04 5, 13
8_19_22 12, 4, 8, 16, 13, 5, 9, 1
8_20_10 6, 14, 2, 10, 7, 15, 3, 11
1_31_06 15
4_14_02 5, 13, 1, 9
2_3_10 6, 14
7_1_20 11, 3, 7, 15, 12, 4, 8
7_14_08 8, 16, 4, 12, 1, 9, 13
5_20_04 3, 11, 15, 7, 8
2_30_08 4, 12
4_27_08 7, 15, 3, 11
5_18_20 11, 3, 7, 15, 8
6_29_16 12, 4, 8, 16, 9, 1
4_14_08 8, 16, 4, 12
1_28_16 15
5_22_00 2, 10, 14, 6, 15
3_6_14 5, 13, 1
4_24_04 4, 12, 16, 8
1_8_14 13
8_2_20 11, 3, 7, 15, 12, 4, 8, 16
4_15_18 13, 5, 9, 1
1_11_20 5
5_28_14 10, 2, 6, 14, 15
8_16_20 14, 6, 10, 2, 11, 3, 7, 15
4_31_14 11, 3, 7, 15
5_10_22 14, 6, 10, 2, 11
4_20_16 9, 1, 5, 13
7_14_06 7, 15, 3, 11, 16, 8, 12
6_2_14 8, 16, 4, 12, 5, 13
6_2_10 6, 14, 2, 10, 3, 11
8_28_18 12, 4, 8, 16, 13, 5, 9, 1
2_20_12 3, 11
5_14_22 15, 7, 11, 3, 8
5_18_18 10, 2, 6, 14, 7
4_21_02 3, 11, 15, 7
6_22_16 10, 2, 6, 14, 7, 15
4_25_16 11, 3, 7, 15
8_28_00 3, 11, 15, 7, 4, 12, 16, 8
3_9_04 5, 13, 1
8_10_18 12, 4, 8, 16, 13, 5, 9, 1
2_22_04 16, 8
3_23_10 7, 15, 11
5_22_00 2, 10, 14, 6, 15
8_25_22 14, 6, 10, 2, 15, 7, 11, 3
1_2_02 14
6_5_16 10, 2, 6, 14, 11, 3
7_27_04 5, 13, 1, 9, 14, 6, 10
6_19_08 5, 13, 1, 9, 6, 14
6_8_00 2, 10, 14, 6, 15, 7
5_3_18 10, 2, 6, 14, 3
2_9_02 4, 12
4_25_16 11, 3, 7, 15
4_22_22 13, 5, 9, 1
4_25_16 11, 3, 7, 15
1_6_00 14
1_9_10 8
4_19_02 2, 10, 14, 6
8_24_02 3, 11, 15, 7, 4, 12, 16, 8
7_1_04 3, 11, 15, 7, 4, 12, 16
8_11_16 11, 3, 7, 15, 12, 4, 8, 16
8_6_08 6, 14, 2, 10, 7, 15, 3, 11
5_13_14 11, 3, 7, 15, 8
6_3_22 12, 4, 8, 16, 13, 5
4_14_14 11, 3, 7, 15
4_31_12 10, 2, 6, 14
8_10_14 10, 2, 6, 14, 11, 3, 7, 15
1_5_18 11
6_13_10 9, 1, 5, 13, 6, 14
5_9_16 11, 3, 7, 15, 12
6_6_20 12, 4, 8, 16, 9, 1
6_28_22 14, 6, 10, 2, 11, 3
4_8_16 10, 2, 6, 14
4_30_14 11, 3, 7, 15
7_29_12 10, 2, 6, 14, 7, 15, 3
2_20_18 6, 14
3_4_06 16, 8, 4
2_18_22 8, 16
7_7_22 13, 5, 9, 1, 6, 14, 2
8_9_00 3, 11, 15, 7, 4, 12, 16, 8
1_28_10 12
2_12_14 6, 14
7_5_04 4, 12, 16, 8, 5, 13, 1
4_17_20 11, 3, 7, 15
1_23_10 15
2_22_14 5, 13
8_7_00 2, 10, 14, 6, 3, 11, 15, 7
8_3_02 2, 10, 14, 6, 3, 11, 15, 7
3_17_22 12, 4, 8
7_18_14 8, 16, 4, 12, 5, 13, 1
5_4_14 8, 16, 4, 12, 13
3_7_20 12, 4, 16
2_16_20 10, 2
7_29_04 6, 14, 2, 10, 3, 11, 15
7_20_18 10, 2, 6, 14, 15, 7, 11
5_4_08 5, 13, 1, 9, 10
3_6_14 5, 13, 1
2_5_12 8, 16
4_9_12 9, 1, 5, 13
3_15_00 4,12, 8
4_17_02 2, 10, 14, 6
8_11_04 5, 13, 1, 9, 6, 14, 2, 10
1_16_16 16
8_2_04 3, 11, 15, 7, 4, 12, 16, 8
1_10_04 1
8_20_06 4, 12, 16, 8, 5, 13, 1, 9
8_31_20 14, 6, 10, 2, 11, 3, 7, 15
8_20_12 7, 15, 3, 11, 8, 16, 4, 12
6_30_22 15, 7, 11, 3, 8, 16
6_13_16 12, 4, 8, 16, 9, 1
8_26_02 4, 12, 16, 8, 5, 13, 1, 9
2_21_22 13, 5
2_24_00 14, 6
1_21_00 2
6_4_12 7, 15, 3, 11, 4, 12
4_2_18 10, 2, 6, 14
5_30_22 15, 7, 11, 3, 8
7_27_22 14, 6, 10, 2, 7, 15, 3
5_31_02 5, 13, 1, 9, 10
2_14_10 5, 13
8_12_16 11, 3, 7, 15, 12, 4, 8, 16
1_1_10 6
5_8_20 12, 4, 8, 16, 1
8_21_00 2, 10, 14, 6, 3, 11, 15, 7
3_8_06 1, 9, 5
8_17_08 5, 13, 1, 9, 6, 14, 2, 10
4_14_08 8, 16, 4, 12
4_5_20 12, 4, 8, 16
4_7_20 12, 4, 8, 16
3_26_00 15, 7, 11
1_10_14 6
7_24_08 6, 14, 2, 10, 11, 3, 7
6_27_06 6, 14, 2, 10, 7, 15
6_22_02 3, 11, 15, 7, 16, 8
4_31_20 14, 6, 10, 2
5_10_02 4, 12, 16, 8, 1
5_3_22 12, 4, 8, 16, 5
3_4_18 6, 14, 10
7_17_00 1, 9, 13, 5, 2, 10, 14
1_23_02 11
8_20_02 2, 10, 14, 6, 3, 11, 15, 7
1_14_18 9
5_1_14 8, 16, 4, 12, 9
4_10_10 8, 16, 4, 12
1_11_12 1
8_6_20 12, 4, 8, 16, 13, 5, 9, 1
1_4_18 14
5_19_12 7, 15, 3, 11, 16
1_16_22 3
7_22_14 9, 1, 5, 13, 6, 14, 2
5_24_22 13, 5, 9, 1, 2
1_15_00 12
2_23_10 7, 15
6_18_04 3, 11, 15, 7, 16, 8
6_8_04 4, 12, 16, 8, 1, 9
4_30_22 15, 7, 11, 3
8_13_18 13, 5, 9, 1, 10, 2, 6, 14
4_27_08 7, 15, 3, 11
3_26_08 3, 11, 15
4_25_06 6, 14, 2, 10
1_26_18 8
2_18_14 4, 12
3_5_08 6, 14, 2
7_12_22 14, 6, 10, 2, 3, 11, 15
4_29_10 9, 1, 5, 13
1_17_04 3
6_31_00 4, 12, 16, 8, 1, 9
4_17_02 2, 10, 14, 6
4_18_22 12, 4, 8, 16
1_26_20 9
5_13_10 9, 1, 5, 13, 6
4_9_12 9, 1, 5, 13
3_16_02 1, 9, 5
4_5_16 10, 2, 6, 14
4_6_08 6, 14, 2, 10
1_31_14 3
5_20_00 1, 9, 13, 5, 6
2_25_10 8, 16
4_13_10 9, 1, 5, 13
8_20_22 12, 4, 8, 16, 13, 5, 9, 1
8_29_10 9, 1, 5, 13, 6, 14, 2, 10
7_14_12 10, 2, 6, 14, 3, 11, 15
5_10_16 11, 3, 7, 15, 8
8_15_16 12, 4, 8, 16, 9, 1, 5, 13
8_28_14 10, 2, 6, 14, 11, 3, 7, 15
1_19_14 16
4_6_10 7, 15, 3, 11
7_22_00 2, 10, 14, 6, 15, 7, 11
3_26_06 2, 10, 14
2_2_12 3, 11
1_18_12 3
8_19_20 11, 3, 7, 15, 12, 4, 8, 16
3_29_18 13, 5, 9
5_4_20 11, 3, 7, 15, 16
3_24_20 8, 16, 12
7_12_20 13, 5, 9, 1, 2, 10, 14
7_8_10 7, 15, 3, 11, 12, 4, 8
3_29_14 11, 3, 7
6_28_12 9, 1, 5, 13, 6, 14
7_11_14 10, 2, 6, 14, 3, 11, 15
7_30_10 9, 1, 5, 13, 2, 10, 14
3_15_00 4,12, 8
1_22_04 16
7_21_12 8, 16, 4, 12, 9, 1, 5
6_15_14 11, 3, 7, 15, 8, 16
7_17_18 10, 2, 6, 14, 11, 3, 7
1_25_10 8
2_16_14 7, 15
8_25_00 3, 11, 15, 7, 4, 12, 16, 8
8_11_02 4, 12, 16, 8, 5, 13, 1, 9
8_16_22 15, 7, 11, 3, 12, 4, 8, 16
5_5_10 7, 15, 3, 11, 8
5_28_22 14, 6, 10, 2, 3
3_11_16 11, 3, 15
5_12_20 13, 5, 9, 1, 2
1_7_14 1
5_12_12 9, 1, 5, 13, 14
8_6_04 4, 12, 16, 8, 5, 13, 1, 9
2_26_20 9, 1
2_26_00 15, 7
1_31_00 12