3_24_20 8, 16, 12
8_11_00 3, 11, 15, 7, 4, 12, 16, 8
4_20_08 5, 13, 1, 9
5_22_00 2, 10, 14, 6, 15
6_1_10 6, 14, 2, 10, 7, 15
6_7_12 8, 16, 4, 12, 9, 1
6_14_14 11, 3, 7, 15, 4, 12
6_16_22 15, 7, 11, 3, 8, 16
2_31_22 15, 7
7_27_00 3, 11, 15, 7, 12, 4, 8
4_26_20 13, 5, 9, 1
4_10_02 4, 12, 16, 8
1_20_18 14
6_29_12 10, 2, 6, 14, 7, 15
5_28_16 11, 3, 7, 15, 16
4_5_14 9, 1, 5, 13
3_23_06 5, 13, 9
1_12_18 16
7_29_18 13, 5, 9, 1, 10, 2, 6
1_15_06 15
3_22_16 6, 14, 2
3_8_02 15, 7, 3
6_30_20 14, 6, 10, 2, 7, 15
5_17_04 3, 11, 15, 7, 4
6_19_16 9, 1, 5, 13, 10, 2
4_7_00 2, 10, 14, 6
8_20_10 6, 14, 2, 10, 7, 15, 3, 11
8_6_06 5, 13, 1, 9, 6, 14, 2, 10
2_16_06 3, 11
2_2_00 13, 5
7_17_02 2, 10, 14, 6, 3, 11, 15
2_11_02 4, 12
5_12_06 6, 14, 2, 10, 11
1_20_00 5
8_13_14 11, 3, 7, 15, 8, 16, 4, 12
5_4_14 8, 16, 4, 12, 13
5_27_10 8, 16, 4, 12, 1
6_25_06 6, 14, 2, 10, 7, 15
2_13_06 7, 15
1_10_08 3
7_18_04 3, 11, 15, 7, 16, 8, 12
1_5_08 6
2_27_16 11, 3
2_16_22 11, 3
6_25_06 6, 14, 2, 10, 7, 15
1_13_14 11
3_7_12 8, 16, 12
1_4_06 8
8_4_10 6, 14, 2, 10, 7, 15, 3, 11
3_17_10 6, 14, 2
2_10_20 9, 1
2_16_06 3, 11
5_25_16 11, 3, 7, 15, 12
4_27_16 11, 3, 7, 15
5_31_10 9, 1, 5, 13, 14
5_5_18 11, 3, 7, 15, 12
3_10_04 1, 9, 13
6_21_12 8, 16, 4, 12, 9, 1
6_27_00 3, 11, 15, 7, 4, 12
8_3_04 3, 11, 15, 7, 4, 12, 16, 8
3_9_16 11, 3, 7
5_8_12 8, 16, 4, 12, 13
1_21_10 7
4_12_08 7, 15, 3, 11
6_17_22 12, 4, 8, 16, 13, 5
3_20_16 5, 13, 9
2_18_04 15, 7
7_3_04 3, 11, 15, 7, 12, 4, 8
4_12_06 6, 14, 2, 10
6_10_08 7, 15, 3, 11, 4, 12
2_15_02 5, 13
8_31_18 13, 5, 9, 1, 10, 2, 6, 14
7_16_20 14, 6, 10, 2, 15, 7, 11
8_30_18 13, 5, 9, 1, 10, 2, 6, 14
4_4_18 10, 2, 6, 14
1_4_00 5
5_18_16 9, 1, 5, 13, 6
1_21_14 9
5_21_04 4, 12, 16, 8, 5
7_3_04 3, 11, 15, 7, 12, 4, 8
6_6_02 3, 11, 15, 7, 16, 8
6_7_08 6, 14, 2, 10, 7, 15
5_11_20 13, 5, 9, 1, 6
3_26_18 8, 16, 4
8_9_02 4, 12, 16, 8, 5, 13, 1, 9
7_14_18 13, 5, 9, 1, 6, 14, 2
6_20_16 9, 1, 5, 13, 6, 14
7_13_12 10, 2, 6, 14, 7, 15, 3
5_9_10 8, 16, 4, 12, 9
2_27_18 12, 4
5_10_12 9, 1, 5, 13, 6
2_9_16 11, 3
2_22_18 7, 15
7_29_14 11, 3, 7, 15, 8, 16, 4
5_24_12 8, 16, 4, 12, 13
7_29_02 5, 13, 1, 9, 2, 10, 14
1_2_00 13
6_23_08 6, 14, 2, 10, 7, 15
7_22_00 2, 10, 14, 6, 15, 7, 11
4_16_14 11, 3, 7, 15
3_6_20 8, 16, 4
7_17_02 2, 10, 14, 6, 3, 11, 15
7_3_22 12, 4, 8, 16, 5, 13, 1
1_13_04 6
3_26_06 2, 10, 14
3_2_08 1, 9, 13
6_21_10 7, 15, 3, 11, 8, 16
3_19_18 10, 2, 14
5_3_18 10, 2, 6, 14, 3
8_16_00 4, 12, 16, 8, 1, 9, 13, 5
6_26_22 14, 6, 10, 2, 11, 3
2_16_18 9, 1
5_3_04 3, 11, 15, 7, 12
7_30_10 9, 1, 5, 13, 2, 10, 14
2_25_14 10, 2
7_28_00 3, 11, 15, 7, 8, 16, 4
2_24_12 4, 12
6_23_22 13, 5, 9, 1, 14, 6
5_16_12 10, 2, 6, 14, 11
5_6_12 8, 16, 4, 12, 5
3_18_14 4, 12, 16
3_8_00 14, 6, 2
7_12_20 13, 5, 9, 1, 2, 10, 14
5_7_00 2, 10, 14, 6, 11
5_5_00 2, 10, 14, 6, 3
4_9_14 10, 2, 6, 14
1_13_08 8
4_25_10 8, 16, 4, 12
5_13_20 14, 6, 10, 2, 11
7_26_12 9, 1, 5, 13, 6, 14, 2
8_6_06 5, 13, 1, 9, 6, 14, 2, 10
1_17_10 6
7_28_18 12, 4, 8, 16, 1, 9, 13
2_6_16 6, 14
7_8_10 7, 15, 3, 11, 12, 4, 8
1_28_06 10
8_3_12 7, 15, 3, 11, 8, 16, 4, 12
5_26_10 8, 16, 4, 12, 5
3_20_02 14, 6, 2
7_18_16 9, 1, 5, 13, 6, 14, 2
4_2_12 7, 15, 3, 11
2_4_00 13, 5
3_20_06 16, 8, 4
6_19_20 11, 3, 7, 15, 12, 4
4_11_08 7, 15, 3, 11
2_26_22 10, 2
1_3_20 3
7_7_14 9, 1, 5, 13, 2, 10, 14
2_23_12 8, 16
4_12_14 10, 2, 6, 14
7_16_12 10, 2, 6, 14, 11, 3, 7
3_22_22 9, 1, 5
2_15_14 11, 3
8_12_12 9, 1, 5, 13, 10, 2, 6, 14
6_21_10 7, 15, 3, 11, 8, 16
1_9_14 10
7_25_18 12, 4, 8, 16, 13, 5, 9
4_20_12 7, 15, 3, 11
3_11_12 9, 1, 13
5_31_04 6, 14, 2, 10, 11
5_16_12 10, 2, 6, 14, 11
5_19_14 8, 16, 4, 12, 1
3_7_08 6, 14, 10
2_29_04 6, 14
7_7_16 10, 2, 6, 14, 3, 11, 15
7_20_22 12, 4, 8, 16, 1, 9, 13
7_23_02 3, 11, 15, 7, 12, 4, 8
8_23_02 3, 11, 15, 7, 4, 12, 16, 8
1_8_18 15
6_7_04 4, 12, 16, 8, 5, 13
2_8_04 16, 8
6_28_06 6, 14, 2, 10, 3, 11
2_12_12 5, 13
7_11_12 9, 1, 5, 13, 2, 10, 14
1_5_12 8
4_3_18 10, 2, 6, 14
3_19_08 5, 13, 9
6_16_02 5, 13, 1, 9, 14, 6
2_15_22 15, 7
8_9_18 12, 4, 8, 16, 13, 5, 9, 1
5_16_00 4, 12, 16, 8, 5
1_26_18 8
7_20_08 5, 13, 1, 9, 10, 2, 6
2_4_04 15, 7
6_18_22 12, 4, 8, 16, 9, 1
3_28_12 5, 13, 9
3_29_14 11, 3, 7
7_31_08 8, 16, 4, 12, 13, 5, 9
6_20_10 6, 14, 2, 10, 3, 11
7_12_16 11, 3, 7, 15, 16, 8, 12
2_20_08 1, 9
5_20_02 2, 10, 14, 6, 7
7_25_02 4, 12, 16, 8, 5, 13, 1
4_4_12 7, 15, 3, 11
1_24_02 7
6_27_18 12, 4, 8, 16, 13, 5
4_18_04 3, 11, 15, 7
4_11_00 3, 11, 15, 7
1_21_06 5
5_24_16 10, 2, 6, 14, 15
6_31_02 5, 13, 1, 9, 2, 10
3_25_18 12, 4, 8
8_13_14 11, 3, 7, 15, 8, 16, 4, 12
5_15_18 13, 5, 9, 1, 2
8_30_18 13, 5, 9, 1, 10, 2, 6, 14
2_12_20 9, 1
3_30_16 8, 16, 4
5_24_16 10, 2, 6, 14, 15
7_28_18 12, 4, 8, 16, 1, 9, 13
2_16_12 6, 14
4_15_02 5, 13, 1, 9
7_25_00 3, 11, 15, 7, 4, 12, 16
5_14_14 11, 3, 7, 15, 4
3_2_16 5, 13, 1
7_20_22 12, 4, 8, 16, 1, 9, 13
3_18_18 6, 14, 2
4_15_20 14, 6, 10, 2
6_18_10 6, 14, 2, 10, 3, 11
7_15_04 6, 14, 2, 10, 11, 3, 7
1_31_16 4
4_7_20 12, 4, 8, 16
8_17_02 2, 10, 14, 6, 3, 11, 15, 7
1_31_04 14
4_1_10 6, 14, 2, 10
7_27_16 11, 3, 7, 15, 4, 12, 16
4_26_02 4, 12, 16, 8
1_23_14 1
1_25_02 4
5_2_18 10, 2, 6, 14, 7
3_2_16 5, 13, 1
7_3_14 8, 16, 4, 12, 1, 9, 13
4_9_04 5, 13, 1, 9
6_22_14 9, 1, 5, 13, 6, 14
7_2_06 4, 12, 16, 8, 1, 9, 13
7_18_10 6, 14, 2, 10, 3, 11, 15
2_20_18 6, 14
6_25_14 10, 2, 6, 14, 11, 3
6_20_14 8, 16, 4, 12, 5, 13
1_24_00 6
8_28_02 4, 12, 16, 8, 5, 13, 1, 9
2_19_18 10, 2
6_14_08 8, 16, 4, 12, 1, 9
1_29_02 5
8_7_10 7, 15, 3, 11, 8, 16, 4, 12
7_10_12 9, 1, 5, 13, 6, 14, 2
8_22_08 6, 14, 2, 10, 7, 15, 3, 11
4_12_22 14, 6, 10, 2
2_24_04 16, 8
5_29_06 7, 15, 3, 11, 4
2_23_20 12, 4
1_10_20 9
2_10_02 16, 8
3_28_08 3, 11, 7
8_26_04 5, 13, 1, 9, 6, 14, 2, 10
8_20_12 7, 15, 3, 11, 8, 16, 4, 12
7_31_18 13, 5, 9, 1, 2, 10, 14
3_11_08 7, 15, 11
6_12_04 5, 13, 1, 9, 2, 10
6_13_06 7, 15, 3, 11, 4, 12
3_25_02 4, 12, 16
8_13_10 9, 1, 5, 13, 6, 14, 2, 10
6_28_22 14, 6, 10, 2, 11, 3
7_12_14 10, 2, 6, 14, 15, 7, 11
2_3_00 1, 9
4_3_20 11, 3, 7, 15
1_24_08 10
1_1_14 8
3_12_06 2, 10, 6
3_27_16 11, 3, 15
3_29_10 9, 1, 5
6_23_16 10, 2, 6, 14, 11, 3
1_18_18 6
8_31_20 14, 6, 10, 2, 11, 3, 7, 15
4_16_00 4,12, 16, 8
7_22_02 3, 11, 15, 7, 16, 8, 12
3_26_04 1, 9, 13
3_18_18 6, 14, 2
4_15_08 8, 16, 12
2_11_22 14, 6
8_26_00 3, 11, 15, 7, 4, 12, 16, 8
1_31_10 1
8_25_16 11, 3, 7, 15, 12, 4, 8, 16
3_31_04 6, 14, 10
2_5_12 8, 16
5_24_20 12, 4, 8, 16, 1
8_26_14 10, 2, 6, 14, 11, 3, 7, 15
6_31_12 10, 2, 6, 14, 7, 15
5_4_06 4, 12, 16, 8, 9
2_8_18 7, 15
3_19_04 3, 11, 7
5_18_06 4, 12, 16, 8, 1
6_18_06 4, 12, 16, 8, 1, 9
5_16_12 10, 2, 6, 14, 11
3_22_20 8, 16, 4
4_21_20 12, 4, 8, 16
8_4_06 4, 12, 16, 8, 5, 13, 1, 9
7_22_00 2, 10, 14, 6, 15, 7, 11
3_2_08 1, 9, 13
5_8_08 6, 14, 2, 10, 11
4_23_02 3, 11, 15, 7
8_20_08 5, 13, 1, 9, 6, 14, 2, 10
8_21_04 4, 12, 16, 8, 5, 13, 1, 9
7_29_14 11, 3, 7, 15, 8, 16, 4
8_20_16 9, 1, 5, 13, 10, 2, 6, 14
6_24_08 6, 14, 2, 10, 3, 11
2_29_04 6, 14
2_18_10 2, 10
2_3_04 3, 11
7_23_18 11, 3, 7, 15, 4, 12, 16
4_7_02 3, 11, 15, 7
1_3_12 15
3_19_06 4, 12, 8
8_29_12 10, 2, 6, 14, 7, 15, 3, 11
5_11_06 6, 14, 2, 10, 15
3_18_08 1, 9, 13
8_17_18 10, 2, 6, 14, 11, 3, 7, 15
2_11_06 6, 14
1_28_14 14
4_24_10 7, 15, 3, 11
5_28_18 12, 4, 8, 16, 1
2_26_14 6, 14
3_2_20 7, 15, 3
1_19_14 16
5_8_04 4, 12, 16, 8, 9
5_2_20 11, 3, 7, 15, 8
5_12_16 11, 3, 7, 15, 16
3_2_14 4, 12, 16
6_21_14 9, 1, 5, 13, 10, 2
1_21_22 13
7_8_06 5, 13, 1, 9, 10, 2, 6
4_8_20 12, 4, 8, 16
3_12_12 5, 13, 9
8_26_00 3, 11, 15, 7, 4, 12, 16, 8
6_13_12 10, 2, 6, 14, 7, 15
3_28_20 9, 1, 13
4_15_04 6, 14, 2, 10
4_12_14 10, 2, 6, 14
7_2_16 9, 1, 5, 13, 6, 14, 2
1_7_16 2
2_3_22 12, 4
8_12_14 10, 2, 6, 14, 11, 3, 7, 15
3_6_22 9, 1, 5
8_2_18 10, 2, 6, 14, 11, 3, 7, 15
7_17_08 5, 13, 1, 9, 6, 14, 2
4_17_20 11, 3, 7, 15
1_6_14 5
3_4_16 5, 13, 9
2_8_06 1, 9
1_28_04 9
2_19_18 10, 2
7_14_02 5, 13, 1, 9, 14, 6, 10
3_6_16 6, 14, 2
1_10_16 7
6_15_08 8, 16, 4, 12, 5, 13
7_21_04 4, 12, 16, 8, 5, 13, 1
4_13_06 7, 15, 3, 11
1_2_18 6
3_19_00 1, 9, 5
7_3_02 2, 10, 14, 6, 11, 3, 7
1_22_18 7
5_21_06 5, 13, 1, 9, 6
6_4_14 8, 16, 4, 12, 5, 13
4_31_00 4,12, 16, 8
2_7_20 12, 4
3_14_22 11, 3, 7
8_19_14 8, 16, 4, 12, 9, 1, 5, 13
8_7_14 9, 1, 5, 13, 10, 2, 6, 14
2_19_12 7, 15
5_18_10 6, 14, 2, 10, 3
7_13_08 8, 16, 4, 12, 5, 13, 1
4_18_12 7, 15, 3, 11
4_18_12 7, 15, 3, 11
1_4_08 9
2_5_14 9, 1
3_16_14 7, 15, 11
1_26_00 15
1_10_06 2
1_11_00 11
4_13_08 8, 16, 4, 12
8_14_02 5, 13, 1, 9, 2, 10, 14, 6
8_1_20 11, 3, 7, 15, 12, 4, 8, 16
1_24_08 10
5_26_04 5, 13, 1, 9, 2
4_25_12 9, 1, 5, 13
2_17_00 1, 9
4_31_06 7, 15, 3, 11
1_21_00 2
7_10_22 14, 6, 10, 2, 11, 3, 7
4_31_00 4,12, 16, 8
6_19_00 1, 9, 13, 5, 2, 10
2_1_14 8, 16
8_20_02 2, 10, 14, 6, 3, 11, 15, 7
5_20_10 6, 14, 2, 10, 11
6_24_04 4, 12, 16, 8, 1, 9
7_26_14 10, 2, 6, 14, 7, 15, 3
8_24_22 13, 5, 9, 1, 14, 6, 10, 2
4_26_08 7, 15, 3, 11
3_1_02 2, 10, 14
6_27_02 4, 12, 16, 8, 5, 13
8_13_08 8, 16, 4, 12, 5, 13, 1, 9
8_16_18 13, 5, 9, 1, 10, 2, 6, 14
1_5_10 7
7_30_18 13, 5, 9, 1, 6, 14, 2
4_12_06 6, 14, 2, 10
5_17_22 12, 4, 8, 16, 13
5_21_06 5, 13, 1, 9, 6
2_18_18 6, 14
6_17_10 6, 14, 2, 10, 7, 15
1_31_16 4
5_19_18 10, 2, 6, 14, 3
8_17_02 2, 10, 14, 6, 3, 11, 15, 7
6_20_10 6, 14, 2, 10, 3, 11
8_24_22 13, 5, 9, 1, 14, 6, 10, 2
5_1_06 4, 12, 16, 8, 5
5_21_12 8, 16, 4, 12, 9
2_24_16 6, 14
8_25_20 13, 5, 9, 1, 14, 6, 10, 2
5_13_02 5, 13, 1, 9, 2
6_19_16 9, 1, 5, 13, 10, 2
1_20_14 12
3_21_14 9, 1, 5
2_5_20 12, 4
2_31_06 7, 15
3_5_08 6, 14, 2
7_18_18 10, 2, 6, 14, 7, 15, 3
8_1_12 7, 15, 3, 11, 8, 16, 4, 12
7_23_08 6, 14, 2, 10, 15, 7, 11
3_23_00 2, 10, 6
8_15_00 4, 12, 16, 8, 1, 9, 13, 5
5_24_08 6, 14, 2, 10, 11
6_9_00 3, 11, 15, 7, 4, 12
2_9_04 5, 13
5_31_08 8, 16, 4, 12, 13
4_22_20 12, 4, 8, 16
7_23_10 7, 15, 3, 11, 16, 8, 12
6_12_08 7, 15, 3, 11, 4, 12
8_2_00 1, 9, 13, 5, 2, 10, 14, 6
7_26_14 10, 2, 6, 14, 7, 15, 3
1_12_00 7
2_7_10 7, 15
8_6_18 11, 3, 7, 15, 12, 4, 8, 16
6_4_12 7, 15, 3, 11, 4, 12
4_9_06 6, 14, 2, 10
5_24_22 13, 5, 9, 1, 2
3_5_14 9, 1, 5
2_12_20 9, 1
6_17_04 3, 11, 15, 7, 4, 12
1_13_02 5
4_14_14 11, 3, 7, 15
4_30_22 15, 7, 11, 3
8_7_10 7, 15, 3, 11, 8, 16, 4, 12
5_13_00 4, 12, 16, 8, 1
8_12_06 6, 14, 2, 10, 7, 15, 3, 11
8_30_10 9, 1, 5, 13, 6, 14, 2, 10
7_16_12 10, 2, 6, 14, 11, 3, 7
4_19_20 11, 3, 7, 15
3_5_14 9, 1, 5
4_10_14 10, 2, 6, 14
2_3_10 6, 14
2_11_08 7, 15
8_21_12 8, 16, 4, 12, 9, 1, 5, 13
6_6_22 13, 5, 9, 1, 10, 2
6_25_16 11, 3, 7, 15, 12, 4
2_26_00 15, 7
3_28_14 6, 14, 10
8_26_04 5, 13, 1, 9, 6, 14, 2, 10
7_17_02 2, 10, 14, 6, 3, 11, 15
2_21_22 13, 5
3_30_02 1, 9, 13
7_10_08 7, 15, 3, 11, 4, 12, 16
6_20_14 8, 16, 4, 12, 5, 13
7_21_20 12, 4, 8, 16, 13, 5, 9
6_28_04 5, 13, 1, 9, 2, 10
1_22_10 3
4_17_10 6, 14, 2, 10
4_12_22 14, 6, 10, 2
3_16_18 9, 1, 13
6_15_06 7, 15, 3, 11, 4, 12
4_15_06 7, 15, 3, 11
2_6_12 4, 12
2_25_16 11, 3
3_8_00 14, 6, 2
8_18_08 5, 13, 1, 9, 6, 14, 2, 10
2_15_12 10, 2
3_24_12 4, 12, 8
3_7_08 6, 14, 10
6_20_06 4, 12, 16, 8, 1, 9
7_10_18 12, 4, 8, 16, 9, 1, 5
4_9_18 12, 4, 8, 16
8_11_20 13, 5, 9, 1, 14, 6, 10, 2
3_15_18 13, 5, 1
1_12_20 1
7_9_04 5, 13, 1, 9, 6, 14, 2
5_6_18 11, 3, 7, 15, 8
8_12_12 9, 1, 5, 13, 10, 2, 6, 14
1_28_18 16
6_28_06 6, 14, 2, 10, 3, 11
3_6_04 16, 8, 12
2_13_16 12, 4
6_10_12 9, 1, 5, 13, 6, 14
8_27_20 13, 5, 9, 1, 14, 6, 10, 2
5_2_22 12, 4, 8, 16, 9
4_16_10 9, 1, 5, 13
7_8_00 2, 10, 14, 6, 7, 15, 3
7_3_00 1, 9, 13, 5, 10, 2, 6
4_28_20 13, 5, 9, 1
5_11_02 4, 12, 16, 8, 13
8_6_02 3, 11, 15, 7, 4, 12, 16, 8
2_17_14 8, 16
4_9_12 9, 1, 5, 13
8_28_08 7, 15, 3, 11, 8, 16, 4, 12
8_25_06 6, 14, 2, 10, 7, 15, 3, 11
4_6_14 9, 1, 5, 13
3_23_06 5, 13, 9
6_24_10 7, 15, 3, 11, 4, 12
3_11_04 5, 13, 9
8_31_00 4, 12, 16, 8, 1, 9, 13, 5
7_17_20 11, 3, 7, 15, 12, 4, 8
3_4_02 14, 6, 2
6_20_10 6, 14, 2, 10, 3, 11
8_6_22 13, 5, 9, 1, 14, 6, 10, 2
2_8_02 15, 7
8_14_18 13, 5, 9, 1, 10, 2, 6, 14
4_3_02 2, 10, 14, 6
8_8_06 5, 13, 1, 9, 6, 14, 2, 10
6_9_14 10, 2, 6, 14, 11, 3
3_25_06 6, 14, 2
8_22_22 13, 5, 9, 1, 14, 6, 10, 2
6_11_14 10, 2, 6, 14, 11, 3
4_26_04 5, 13, 1, 9
6_4_14 8, 16, 4, 12, 5, 13
2_4_22 8, 16
7_29_10 9, 1, 5, 13, 6, 14, 2
6_2_06 4, 12, 16, 8, 1, 9
6_12_06 6, 14, 2, 10, 3, 11
5_29_12 10, 2, 6, 14, 7
6_27_00 3, 11, 15, 7, 4, 12
8_7_20 12, 4, 8, 16, 13, 5, 9, 1
4_24_04 4, 12, 16, 8
3_9_18 12, 4, 8
6_21_00 2, 10, 14, 6, 3, 11
3_28_10 4, 12, 8
5_22_02 3, 11, 15, 7, 16
5_9_20 13, 5, 9, 1, 14
5_20_22 12, 4, 8, 16, 1
1_4_08 9
2_26_12 5, 13
2_16_14 7, 15
2_3_06 4, 12
2_8_18 7, 15
4_13_02 5, 13, 1, 9
3_3_04 3, 11, 7
2_16_00 16, 8
5_15_10 9, 1, 5, 13, 14
1_10_12 5
5_14_16 12, 4, 8, 16, 5
8_1_10 6, 14, 2, 10, 7, 15, 3, 11
3_24_10 3, 11, 7
1_31_02 13
7_3_00 1, 9, 13, 5, 10, 2, 6
7_4_08 5, 13, 1, 9, 10, 2, 6
1_7_06 13
3_6_06 1, 9, 13
5_21_00 2, 10, 14, 6, 3
2_23_12 8, 16
5_12_16 11, 3, 7, 15, 16
5_4_22 12, 4, 8, 16, 1
7_27_00 3, 11, 15, 7, 12, 4, 8
5_14_20 14, 6, 10, 2, 7
1_13_06 7
3_12_12 5, 13, 9
4_12_12 9, 1, 5, 13
8_10_22 14, 6, 10, 2, 15, 7, 11, 3
5_28_12 9, 1, 5, 13, 14
6_10_00 3, 11, 15, 7, 16, 8
4_12_00 3, 11, 15, 7
6_5_22 13, 5, 9, 1, 14, 6
2_5_20 12, 4
4_10_20 13, 5, 9, 1
7_20_12 7, 15, 3, 11, 12, 4, 8
6_22_08 6, 14, 2, 10, 3, 11
1_25_02 4
5_27_00 3, 11, 15, 7, 12
7_19_06 4, 12, 16, 8, 13, 5, 9
4_15_18 13, 5, 9, 1
8_10_08 7, 15, 3, 11, 8, 16, 4, 12
5_13_16 12, 4, 8, 16, 9
4_4_14 8, 16, 4, 12
8_13_20 14, 6, 10, 2, 11, 3, 7, 15
2_26_00 15, 7
5_1_04 3, 11, 15, 7, 4
7_8_04 4, 12, 16, 8, 9, 1, 5
7_27_18 12, 4, 8, 16, 5, 13, 1
2_6_02 15, 7
5_18_14 8, 16, 4, 12, 5
4_27_12 9, 1, 5, 13
1_30_12 6
1_13_14 11
7_29_22 15, 7, 11, 3, 12, 4, 8
1_3_22 4
6_5_00 2, 10, 14, 6, 3, 11
5_3_02 2, 10, 14, 6, 11
2_21_22 13, 5
2_8_18 7, 15
1_10_10 4
2_28_20 9, 1
4_11_14 10, 2, 6, 14
2_30_08 4, 12
5_2_08 5, 13, 1, 9, 2
7_5_14 9, 1, 5, 13, 10, 2, 6
7_6_08 6, 14, 2, 10, 3, 11, 15
1_14_18 9
8_5_14 9, 1, 5, 13, 10, 2, 6, 14
3_18_06 16, 8, 12
7_9_08 7, 15, 3, 11, 8, 16, 4
8_26_10 8, 16, 4, 12, 9, 1, 5, 13
7_29_06 7, 15, 3, 11, 4, 12, 16
4_1_18 10, 2, 6, 14
3_14_18 9, 1, 5
3_25_04 5, 13, 1
8_28_10 8, 16, 4, 12, 9, 1, 5, 13
3_31_00 4,12, 8
6_11_06 6, 14, 2, 10, 7, 15
3_17_14 8, 16, 4
5_31_08 8, 16, 4, 12, 13
4_9_14 10, 2, 6, 14
4_8_06 5, 13, 1, 9
3_27_14 10, 2, 14
5_12_20 13, 5, 9, 1, 2
4_9_00 3, 11, 15, 7
8_25_20 13, 5, 9, 1, 14, 6, 10, 2
2_11_08 7, 15
7_24_22 13, 5, 9, 1, 2, 10, 14
5_13_14 11, 3, 7, 15, 8
7_9_04 5, 13, 1, 9, 6, 14, 2
5_1_00 1, 9, 13, 5, 2
1_8_14 13
8_26_22 14, 6, 10, 2, 15, 7, 11, 3
6_24_16 10, 2, 6, 14, 7, 15
4_27_10 8, 16, 4, 12
1_16_14 15
6_15_02 5, 13, 1, 9, 2, 10
8_5_10 7, 15, 3, 11, 8, 16, 4, 12
2_3_20 11, 3
1_14_16 8
4_16_06 7, 15, 3, 11
1_13_10 9
6_21_06 5, 13, 1, 9, 6, 14
3_5_16 10, 2, 6
3_1_20 11, 3, 7
5_13_18 13, 5, 9, 1, 10
1_30_08 4
2_7_22 13, 5
2_1_22 12, 4
1_9_12 9
6_16_18 13, 5, 9, 1, 6, 14
6_21_02 3, 11, 15, 7, 4, 12
2_17_06 4, 12
4_22_02 3, 11, 15, 7
4_8_08 6, 14, 2, 10
5_4_22 12, 4, 8, 16, 1
7_19_12 7, 15, 3, 11, 16, 8, 12
8_5_02 3, 11, 15, 7, 4, 12, 16, 8
2_21_22 13, 5
5_10_22 14, 6, 10, 2, 11
1_23_14 1
3_19_06 4, 12, 8
7_26_12 9, 1, 5, 13, 6, 14, 2
7_20_02 2, 10, 14, 6, 7, 15, 3
1_13_08 8
3_4_02 14, 6, 2
7_26_18 12, 4, 8, 16, 9, 1, 5
2_11_12 9, 1
8_8_08 6, 14, 2, 10, 7, 15, 3, 11
6_19_22 12, 4, 8, 16, 13, 5
7_19_06 4, 12, 16, 8, 13, 5, 9
8_17_16 9, 1, 5, 13, 10, 2, 6, 14
8_11_04 5, 13, 1, 9, 6, 14, 2, 10
1_20_22 16
5_14_12 10, 2, 6, 14, 3
3_7_20 12, 4, 16
2_10_14 6, 14
4_14_18 13, 5, 9, 1
5_20_00 1, 9, 13, 5, 6
7_3_06 4, 12, 16, 8, 13, 5, 9
5_21_16 10, 2, 6, 14, 11
2_4_14 4, 12
7_21_08 6, 14, 2, 10, 7, 15, 3
8_5_22 13, 5, 9, 1, 14, 6, 10, 2
8_7_06 5, 13, 1, 9, 6, 14, 2, 10
4_29_20 14, 6, 10, 2
5_13_14 11, 3, 7, 15, 8
6_17_04 3, 11, 15, 7, 4, 12
7_29_02 5, 13, 1, 9, 2, 10, 14
1_14_10 5
7_22_12 8, 16, 4, 12, 5, 13, 1
4_12_20 13, 5, 9, 1
5_2_08 5, 13, 1, 9, 2
6_11_08 7, 15, 3, 11, 8, 16
3_8_06 1, 9, 5
4_3_14 8, 16, 4, 12
1_21_04 4
1_11_10 16
2_22_22 9, 1
5_24_00 2, 10, 14, 6, 7
2_22_18 7, 15
3_8_08 2, 10, 6
4_28_14 10, 2, 6, 14
5_9_00 3, 11, 15, 7, 4
6_30_02 5, 13, 1, 9, 14, 6
8_15_10 9, 1, 5, 13, 6, 14, 2, 10
3_11_14 10, 2, 14
2_17_16 9, 1
7_28_22 14, 6, 10, 2, 3, 11, 15
8_18_16 9, 1, 5, 13, 10, 2, 6, 14
7_7_22 13, 5, 9, 1, 6, 14, 2
2_6_02 15, 7
8_12_02 4, 12, 16, 8, 5, 13, 1, 9
1_9_18 12
8_24_18 11, 3, 7, 15, 12, 4, 8, 16
1_31_20 6
3_24_16 6, 14, 10
8_14_06 7, 15, 3, 11, 4, 12, 16, 8
4_27_04 5, 13, 1, 9
8_10_06 6, 14, 2, 10, 7, 15, 3, 11
8_15_06 7, 15, 3, 11, 4, 12, 16, 8
3_13_20 14, 6, 10
1_24_18 15
6_23_00 2, 10, 14, 6, 3, 11
4_3_20 11, 3, 7, 15
6_7_22 13, 5, 9, 1, 14, 6
4_6_22 13, 5, 9, 1
5_28_12 9, 1, 5, 13, 14
1_25_20 13
4_6_12 8, 16, 4, 12
1_22_22 9
5_25_14 10, 2, 6, 14, 11
3_8_02 15, 7, 3
5_4_12 7, 15, 3, 11, 12
7_30_04 6, 14, 2, 10, 15, 7, 11
3_5_10 7, 15, 3
6_19_04 3, 11, 15, 7, 4, 12
5_20_18 10, 2, 6, 14, 15
8_6_22 13, 5, 9, 1, 14, 6, 10, 2
5_6_16 10, 2, 6, 14, 7
5_20_14 8, 16, 4, 12, 13
7_25_02 4, 12, 16, 8, 5, 13, 1
2_24_16 6, 14
3_13_22 15, 7, 11
2_9_14 10, 2
8_21_06 5, 13, 1, 9, 6, 14, 2, 10
1_8_22 1
7_8_00 2, 10, 14, 6, 7, 15, 3
6_28_20 13, 5, 9, 1, 10, 2
7_9_18 12, 4, 8, 16, 13, 5, 9
1_25_16 11
7_19_02 2, 10, 14, 6, 11, 3, 7
2_7_18 11, 3
7_30_08 8, 16, 4, 12, 1, 9, 13
5_26_04 5, 13, 1, 9, 2
3_7_08 6, 14, 10
8_10_06 6, 14, 2, 10, 7, 15, 3, 11
8_30_20 14, 6, 10, 2, 11, 3, 7, 15
5_22_06 5, 13, 1, 9, 2
1_23_12 16
4_2_02 2, 10, 14, 6
7_18_12 7, 15, 3, 11, 4, 12, 16
7_2_06 4, 12, 16, 8, 1, 9, 13
4_14_12 10, 2, 6, 14
5_14_08 8, 16, 4, 12, 1
3_2_14 4, 12, 16
2_18_06 16, 8
5_22_00 2, 10, 14, 6, 15
8_2_16 9, 1, 5, 13, 10, 2, 6, 14
5_15_10 9, 1, 5, 13, 14
6_7_06 5, 13, 1, 9, 6, 14
3_14_16 8, 16, 4
2_31_14 11, 3
2_8_00 14, 6
5_21_02 3, 11, 15, 7, 4
3_13_06 7, 15, 3
8_23_02 3, 11, 15, 7, 4, 12, 16, 8
2_3_00 1, 9
6_3_20 11, 3, 7, 15, 12, 4
4_7_12 8, 16, 4, 12
3_31_12 10, 2, 14
6_20_14 8, 16, 4, 12, 5, 13
4_23_22 13, 5, 9, 1
3_18_22 8, 16, 4
1_10_16 7
8_6_20 12, 4, 8, 16, 13, 5, 9, 1
2_21_08 6, 14
6_25_10 8, 16, 4, 12, 9, 1
5_29_14 11, 3, 7, 15, 8
6_6_08 6, 14, 2, 10, 3, 11
8_17_20 11, 3, 7, 15, 12, 4, 8, 16
4_10_12 9, 1, 5, 13
5_27_18 12, 4, 8, 16, 5
2_18_02 14, 6
7_17_16 9, 1, 5, 13, 10, 2, 6
7_9_00 3, 11, 15, 7, 4, 12, 16
8_3_00 1, 9, 13, 5, 2, 10, 14, 6
8_31_00 4, 12, 16, 8, 1, 9, 13, 5
4_9_06 6, 14, 2, 10
1_4_04 7
2_17_20 11, 3
6_29_00 4, 12, 16, 8, 1, 9
7_6_04 4, 12, 16, 8, 1, 9, 13
5_14_08 8, 16, 4, 12, 1
6_29_18 13, 5, 9, 1, 10, 2
3_2_00 13, 5, 9
4_23_12 8, 16, 4, 12
8_2_04 3, 11, 15, 7, 4, 12, 16, 8
4_15_10 9, 1, 5, 13
2_13_18 13, 5
8_28_20 13, 5, 9, 1, 14, 6, 10, 2
7_13_20 14, 6, 10, 2, 11, 3, 7
8_10_14 10, 2, 6, 14, 11, 3, 7, 15
1_12_16 15
3_17_04 3, 11, 15
6_21_14 9, 1, 5, 13, 10, 2
7_25_10 8, 16, 4, 12, 9, 1, 5
1_4_20 15
1_26_06 2
6_9_00 3, 11, 15, 7, 4, 12
4_27_18 12, 4, 8, 16
5_14_18 13, 5, 9, 1, 6
3_25_12 9, 1, 5
3_1_00 1, 9, 13
8_25_14 10, 2, 6, 14, 11, 3, 7, 15
4_25_22 14, 6, 10, 2
6_9_18 12, 4, 8, 16, 13, 5
1_8_20 16
8_30_08 8, 16, 4, 12, 5, 13, 1, 9
3_19_10 6, 14, 10
6_30_14 11, 3, 7, 15, 4, 12
8_30_02 5, 13, 1, 9, 2, 10, 14, 6
8_17_06 4, 12, 16, 8, 5, 13, 1, 9
1_11_00 11
4_4_22 12, 4, 8, 16
6_20_06 4, 12, 16, 8, 1, 9
6_29_14 11, 3, 7, 15, 8, 16
7_22_04 4, 12, 16, 8, 1, 9, 13
2_14_18 9, 1
5_25_08 7, 15, 3, 11, 8
2_23_22 13, 5
2_19_20 11, 3
4_21_10 7, 15, 3, 11
6_7_18 11, 3, 7, 15, 12, 4
2_14_12 6, 14
2_17_14 8, 16
7_3_10 6, 14, 2, 10, 15, 7, 11
4_15_12 10, 2, 6, 14
3_18_20 7, 15, 3
5_26_22 14, 6, 10, 2, 11
3_10_12 5, 13, 1
5_9_00 3, 11, 15, 7, 4
7_9_06 6, 14, 2, 10, 7, 15, 3
2_29_16 12, 4
5_4_08 5, 13, 1, 9, 10
5_22_10 7, 15, 3, 11, 4
5_20_06 4, 12, 16, 8, 9
4_22_08 6, 14, 2, 10
2_31_06 7, 15
1_21_22 13
3_14_12 6, 14, 2
7_8_20 12, 4, 8, 16, 1, 9, 13
7_10_02 4, 12, 16, 8, 1, 9, 13
7_30_20 14, 6, 10, 2, 7, 15, 3
7_15_22 15, 7, 11, 3, 4, 12, 16
6_30_06 7, 15, 3, 11, 16, 8
6_10_22 14, 6, 10, 2, 11, 3
2_11_02 4, 12
6_14_08 8, 16, 4, 12, 1, 9
3_6_22 9, 1, 5
5_2_00 1, 9, 13, 5, 14
6_18_16 9, 1, 5, 13, 6, 14
8_5_18 11, 3, 7, 15, 12, 4, 8, 16
8_20_08 5, 13, 1, 9, 6, 14, 2, 10
3_8_18 7, 15, 11
5_2_00 1, 9, 13, 5, 14
2_13_16 12, 4
8_15_04 6, 14, 2, 10, 3, 11, 15, 7
8_5_00 2, 10, 14, 6, 3, 11, 15, 7
7_3_02 2, 10, 14, 6, 11, 3, 7
3_27_00 3, 11, 7
3_27_16 11, 3, 15
8_9_00 3, 11, 15, 7, 4, 12, 16, 8
2_14_06 3, 11
8_28_10 8, 16, 4, 12, 9, 1, 5, 13
4_18_22 12, 4, 8, 16
8_12_08 7, 15, 3, 11, 8, 16, 4, 12
5_27_18 12, 4, 8, 16, 5
2_16_04 2, 10
6_30_14 11, 3, 7, 15, 4, 12
4_17_02 2, 10, 14, 6
3_30_22 11, 3, 7
5_25_20 13, 5, 9, 1, 14
1_9_04 5
6_14_14 11, 3, 7, 15, 4, 12
5_8_20 12, 4, 8, 16, 1
8_4_14 8, 16, 4, 12, 9, 1, 5, 13
5_28_04 5, 13, 1, 9, 10
5_22_22 13, 5, 9, 1, 10
7_11_10 8, 16, 4, 12, 1, 9, 13
7_14_08 8, 16, 4, 12, 1, 9, 13
4_27_02 4, 12, 16, 8
2_22_16 6, 14
5_26_20 13, 5, 9, 1, 10
6_7_04 4, 12, 16, 8, 5, 13
8_30_00 4, 12, 16, 8, 1, 9, 13, 5
2_7_10 7, 15
2_23_04 4, 12
2_29_16 12, 4
3_27_00 3, 11, 7
1_29_14 11
3_6_06 1, 9, 13
6_14_08 8, 16, 4, 12, 1, 9
3_2_06 16, 8, 12
7_19_18 10, 2, 6, 14, 3, 11, 15
2_15_12 10, 2
7_22_14 9, 1, 5, 13, 6, 14, 2
4_7_22 13, 5, 9, 1
5_6_04 4, 12, 16, 8, 1
1_21_22 13
6_6_06 5, 13, 1, 9, 2, 10
5_18_06 4, 12, 16, 8, 1
7_19_02 2, 10, 14, 6, 11, 3, 7
1_1_04 3
3_31_02 5, 13, 9
6_8_00 2, 10, 14, 6, 15, 7
6_25_02 4, 12, 16, 8, 5, 13
6_4_10 6, 14, 2, 10, 3, 11
8_10_02 4, 12, 16, 8, 5, 13, 1, 9
1_31_02 13
1_1_16 9
7_3_08 5, 13, 1, 9, 14, 6, 10
3_11_20 13, 5, 1
5_16_22 15, 7, 11, 3, 16
2_2_04 15, 7
3_10_20 9, 1, 5
4_13_22 15, 7, 11, 3
4_9_20 13, 5, 9, 1
6_5_08 6, 14, 2, 10, 7, 15
6_1_00 1, 9, 13, 5, 2, 10
6_18_12 7, 15, 3, 11, 4, 12
7_23_16 10, 2, 6, 14, 3, 11, 15
6_27_08 7, 15, 3, 11, 8, 16
6_21_14 9, 1, 5, 13, 10, 2
5_15_06 7, 15, 3, 11, 12
1_26_06 2
1_3_02 10
4_11_16 11, 3, 7, 15
5_3_20 11, 3, 7, 15, 4
2_4_16 5, 13
1_1_06 4
2_18_08 1, 9
5_27_14 10, 2, 6, 14, 3
4_26_14 10, 2, 6, 14
6_18_18 10, 2, 6, 14, 7, 15
6_29_22 15, 7, 11, 3, 12, 4
8_16_00 4, 12, 16, 8, 1, 9, 13, 5
1_6_16 6
5_8_20 12, 4, 8, 16, 1
4_17_02 2, 10, 14, 6
4_18_10 6, 14, 2, 10
3_24_20 8, 16, 12
5_6_06 5, 13, 1, 9, 2
3_3_08 5, 13, 9
6_2_04 3, 11, 15, 7, 16, 8
1_30_06 3
5_24_08 6, 14, 2, 10, 11
5_2_14 8, 16, 4, 12, 5
7_8_02 3, 11, 15, 7, 8, 16, 4
2_12_18 8, 16
2_23_14 9, 1
1_12_08 11
6_11_10 8, 16, 4, 12, 9, 1
1_22_06 1
4_21_02 3, 11, 15, 7
1_7_12 16
7_14_14 11, 3, 7, 15, 4, 12, 16
3_17_16 9, 1, 5
2_4_22 8, 16
3_19_06 4, 12, 8
7_17_14 8, 16, 4, 12, 9, 1, 5
7_7_10 7, 15, 3, 11, 16, 8, 12
6_18_08 5, 13, 1, 9, 2, 10
4_15_14 11, 3, 7, 15
2_7_10 7, 15
1_8_16 14
7_26_00 3, 11, 15, 7, 16, 8, 12
8_16_16 12, 4, 8, 16, 9, 1, 5, 13
7_30_14 11, 3, 7, 15, 4, 12, 16
6_31_12 10, 2, 6, 14, 7, 15
2_28_06 2, 10
4_10_02 4, 12, 16, 8
3_10_22 10, 2, 6
8_22_06 5, 13, 1, 9, 6, 14, 2, 10
1_4_06 8
3_19_02 2, 10, 6
1_12_14 14
4_21_04 4, 12, 16, 8
4_26_18 12, 4, 8, 16
4_18_10 6, 14, 2, 10
2_8_18 7, 15
5_29_08 8, 16, 4, 12, 5
1_5_18 11
8_18_10 6, 14, 2, 10, 7, 15, 3, 11
8_31_14 11, 3, 7, 15, 8, 16, 4, 12
1_2_00 13
4_26_10 8, 16, 4, 12
8_6_16 10, 2, 6, 14, 11, 3, 7, 15
7_30_20 14, 6, 10, 2, 7, 15, 3
2_19_06 4, 12
6_3_14 8, 16, 4, 12, 9, 1
3_10_16 7, 15, 3
4_1_14 8, 16, 4, 12
1_13_18 13
8_23_22 13, 5, 9, 1, 14, 6, 10, 2
2_27_12 9, 1
5_25_04 5, 13, 1, 9, 6
4_13_20 14, 6, 10, 2
3_1_08 5, 13, 1
7_1_22 12, 4, 8, 16, 13, 5, 9
7_10_10 8, 16, 4, 12, 5, 13, 1
5_1_04 3, 11, 15, 7, 4
4_23_12 8, 16, 4, 12
1_20_14 12
8_11_04 5, 13, 1, 9, 6, 14, 2, 10
5_8_20 12, 4, 8, 16, 1
7_1_18 10, 2, 6, 14, 11, 3, 7
2_6_22 9, 1
3_6_16 6, 14, 2
3_31_04 6, 14, 10
6_4_12 7, 15, 3, 11, 4, 12
7_27_16 11, 3, 7, 15, 4, 12, 16
7_3_12 7, 15, 3, 11, 16, 8, 12
1_8_14 13
4_24_20 12, 4, 8, 16
8_6_04 4, 12, 16, 8, 5, 13, 1, 9
6_30_02 5, 13, 1, 9, 14, 6
2_7_08 6, 14
2_21_00 2, 10
4_24_14 9, 1, 5, 13
5_25_06 6, 14, 2, 10, 7
3_24_04 16, 8, 4
8_23_18 11, 3, 7, 15, 12, 4, 8, 16
1_30_14 7
1_15_16 4
7_29_12 10, 2, 6, 14, 7, 15, 3
3_4_04 15, 7, 3
1_2_06 16
5_6_08 6, 14, 2, 10, 3
1_27_02 12
5_6_20 12, 4, 8, 16, 9
7_1_06 4, 12, 16, 8, 5, 13, 1
8_24_14 9, 1, 5, 13, 10, 2, 6, 14
3_24_00 14, 6, 2
8_15_22 15, 7, 11, 3, 12, 4, 8, 16
6_14_14 11, 3, 7, 15, 4, 12
6_17_16 9, 1, 5, 13, 10, 2
7_30_20 14, 6, 10, 2, 7, 15, 3
6_26_18 12, 4, 8, 16, 9, 1
7_29_16 12, 4, 8, 16, 9, 1, 5
3_3_02 2, 10, 6
1_29_22 15
4_20_08 5, 13, 1, 9
7_15_02 5, 13, 1, 9, 10, 2, 6
5_20_16 9, 1, 5, 13, 14
6_7_12 8, 16, 4, 12, 9, 1
6_26_10 8, 16, 4, 12, 5, 13
5_3_00 1, 9, 13, 5, 10
1_2_00 13
3_8_02 15, 7, 3
3_10_00 15, 7, 11
2_20_00 13, 5
6_21_10 7, 15, 3, 11, 8, 16
8_20_06 4, 12, 16, 8, 5, 13, 1, 9
1_15_04 14
5_19_22 12, 4, 8, 16, 5
4_20_02 2, 10, 14, 6
2_6_10 3, 11
1_29_00 4
2_20_02 14, 6
1_5_10 7
2_27_02 4, 12
1_20_08 9
4_7_06 5, 13, 1, 9
1_10_06 2
7_14_18 13, 5, 9, 1, 6, 14, 2
7_9_08 7, 15, 3, 11, 8, 16, 4
7_25_08 7, 15, 3, 11, 8, 16, 4
4_22_22 13, 5, 9, 1
7_4_22 12, 4, 8, 16, 1, 9, 13
3_28_22 10, 2, 14
8_16_20 14, 6, 10, 2, 11, 3, 7, 15
5_20_12 7, 15, 3, 11, 12
6_8_20 12, 4, 8, 16, 9, 1
6_16_10 9, 1, 5, 13, 2, 10
4_12_18 12, 4, 8, 16
1_13_20 14
4_1_02 2, 10, 14, 6
2_15_10 9, 1
5_11_08 7, 15, 3, 11, 16
7_29_08 8, 16, 4, 12, 5, 13, 1
8_13_10 9, 1, 5, 13, 6, 14, 2, 10
3_31_14 11, 3, 15
6_27_04 5, 13, 1, 9, 6, 14
3_23_06 5, 13, 9
7_4_14 8, 16, 4, 12, 13, 5, 9
4_22_06 5, 13, 1, 9
1_18_14 4
4_5_20 12, 4, 8, 16
2_22_02 15, 7
2_4_08 1, 9
7_25_20 13, 5, 9, 1, 14, 6, 10
4_11_16 11, 3, 7, 15
4_18_12 7, 15, 3, 11
7_8_06 5, 13, 1, 9, 10, 2, 6
3_30_14 7, 15, 3
2_20_08 1, 9
1_30_22 11
3_11_04 5, 13, 9
7_9_12 9, 1, 5, 13, 10, 2, 6
5_29_02 5, 13, 1, 9, 2
2_20_04 15, 7
3_18_10 2, 10, 14
5_5_06 5, 13, 1, 9, 6
5_10_16 11, 3, 7, 15, 8
8_29_16 12, 4, 8, 16, 9, 1, 5, 13
5_2_06 4, 12, 16, 8, 1
6_23_06 5, 13, 1, 9, 6, 14
5_21_02 3, 11, 15, 7, 4
8_12_12 9, 1, 5, 13, 10, 2, 6, 14
6_14_18 13, 5, 9, 1, 6, 14
3_22_02 15, 7, 11
2_29_16 12, 4
1_27_16 3
2_20_06 16, 8
3_15_10 9, 1, 13
3_30_06 3, 11, 15
5_21_16 10, 2, 6, 14, 11
1_18_18 6
6_25_02 4, 12, 16, 8, 5, 13
2_2_06 16, 8
4_8_14 9, 1, 5, 13
8_18_10 6, 14, 2, 10, 7, 15, 3, 11
2_23_00 2, 10
4_3_16 9, 1, 5, 13
7_29_16 12, 4, 8, 16, 9, 1, 5
6_15_04 6, 14, 2, 10, 3, 11
3_7_22 13, 5, 1
5_29_02 5, 13, 1, 9, 2
2_23_16 10, 2
8_21_14 9, 1, 5, 13, 10, 2, 6, 14
1_29_22 15
7_17_04 3, 11, 15, 7, 4, 12, 16
8_18_04 3, 11, 15, 7, 4, 12, 16, 8
4_12_02 4, 12, 16, 8
3_9_10 8, 16, 4
8_21_18 11, 3, 7, 15, 12, 4, 8, 16
7_2_18 10, 2, 6, 14, 7, 15, 3
8_31_22 15, 7, 11, 3, 12, 4, 8, 16
4_5_12 8, 16, 4, 12
2_10_18 8, 16
3_24_04 16, 8, 4
6_2_14 8, 16, 4, 12, 5, 13
5_26_16 11, 3, 7, 15, 8
7_1_22 12, 4, 8, 16, 13, 5, 9
2_11_06 6, 14
5_14_14 11, 3, 7, 15, 4
4_5_20 12, 4, 8, 16
6_10_18 12, 4, 8, 16, 9, 1
5_20_22 12, 4, 8, 16, 1
5_15_00 4, 12, 16, 8, 9
5_29_20 14, 6, 10, 2, 11
8_12_12 9, 1, 5, 13, 10, 2, 6, 14
2_27_22 14, 6
2_25_22 14, 6
1_29_12 10
8_7_04 4, 12, 16, 8, 5, 13, 1, 9
7_3_10 6, 14, 2, 10, 15, 7, 11
8_15_16 12, 4, 8, 16, 9, 1, 5, 13
6_13_20 14, 6, 10, 2, 11, 3
3_7_06 5, 13, 9
2_30_00 16, 8
2_30_02 1, 9
7_2_12 7, 15, 3, 11, 4, 12, 16
2_2_12 3, 11
7_16_18 13, 5, 9, 1, 14, 6, 10
3_15_02 5, 13, 9
8_7_00 2, 10, 14, 6, 3, 11, 15, 7
5_17_10 6, 14, 2, 10, 7
4_5_04 4, 12, 16, 8
5_19_10 6, 14, 2, 10, 15
6_4_04 3, 11, 15, 7, 16, 8
3_7_02 3, 11, 7
8_21_02 3, 11, 15, 7, 4, 12, 16, 8
2_30_06 3, 11
6_2_20 11, 3, 7, 15, 8, 16
6_6_00 2, 10, 14, 6, 15, 7
1_8_20 16
6_28_20 13, 5, 9, 1, 10, 2
5_18_12 7, 15, 3, 11, 4
2_1_06 4, 12
3_10_02 16, 8, 12
8_22_22 13, 5, 9, 1, 14, 6, 10, 2
6_4_06 4, 12, 16, 8, 1, 9
1_3_10 14
7_29_16 12, 4, 8, 16, 9, 1, 5
6_5_08 6, 14, 2, 10, 7, 15
4_19_20 11, 3, 7, 15
2_18_22 8, 16
1_25_20 13
2_24_18 7, 15
2_9_12 9, 1
3_17_06 4, 12, 16
5_11_18 12, 4, 8, 16, 5
7_13_18 13, 5, 9, 1, 10, 2, 6
3_16_22 11, 3, 15
4_19_16 9, 1, 5, 13
3_30_10 5, 13, 1
1_18_06 16
2_30_18 9, 1
3_23_10 7, 15, 11
6_19_06 4, 12, 16, 8, 5, 13
6_21_06 5, 13, 1, 9, 6, 14
1_16_08 12
5_4_08 5, 13, 1, 9, 10
5_1_18 10, 2, 6, 14, 11
6_20_18 10, 2, 6, 14, 7, 15
2_5_10 7, 15
4_14_22 15, 7, 11, 3
6_9_08 7, 15, 3, 11, 8, 16
6_7_20 12, 4, 8, 16, 13, 5
3_18_02 14, 6, 10
5_10_06 6, 14, 2, 10, 3
8_29_06 7, 15, 3, 11, 4, 12, 16, 8
7_6_06 5, 13, 1, 9, 2, 10, 14
4_4_04 3, 11, 15, 7
8_2_22 12, 4, 8, 16, 13, 5, 9, 1
3_26_08 3, 11, 15
5_20_04 3, 11, 15, 7, 8
1_29_14 11
2_2_18 6, 14
2_18_20 7, 15
3_20_14 4, 12, 8
8_18_14 8, 16, 4, 12, 9, 1, 5, 13
3_21_02 3, 11, 15
6_4_02 2, 10, 14, 6, 15, 7
3_14_18 9, 1, 5
7_1_10 6, 14, 2, 10, 7, 15, 3
2_20_12 3, 11
8_20_14 8, 16, 4, 12, 9, 1, 5, 13
8_24_14 9, 1, 5, 13, 10, 2, 6, 14
6_1_14 8, 16, 4, 12, 9, 1
2_11_18 12, 4
3_22_16 6, 14, 2
4_29_06 7, 15, 3, 11
4_26_00 3, 11, 15, 7
6_20_22 12, 4, 8, 16, 9, 1
5_16_14 11, 3, 7, 15, 12
1_22_12 4
1_26_12 5
2_6_00 14, 6
5_19_08 5, 13, 1, 9, 14
5_30_06 7, 15, 3, 11, 16
7_29_18 13, 5, 9, 1, 10, 2, 6
6_27_08 7, 15, 3, 11, 8, 16
5_11_22 14, 6, 10, 2, 7
8_10_00 3, 11, 15, 7, 4, 12, 16, 8
3_11_12 9, 1, 13
3_1_08 5, 13, 1
7_18_02 2, 10, 14, 6, 15, 7, 11
3_4_16 5, 13, 9
5_9_06 6, 14, 2, 10, 7
1_31_16 4
8_6_14 9, 1, 5, 13, 10, 2, 6, 14
8_10_16 11, 3, 7, 15, 12, 4, 8, 16
5_11_16 11, 3, 7, 15, 4
8_5_10 7, 15, 3, 11, 8, 16, 4, 12
5_29_18 13, 5, 9, 1, 10
3_24_02 15, 7, 3
2_22_16 6, 14
1_3_20 3
8_16_08 8, 16, 4, 12, 5, 13, 1, 9
5_8_00 2, 10, 14, 6, 7
1_10_20 9
8_28_14 10, 2, 6, 14, 11, 3, 7, 15
3_25_00 3, 11, 15
4_4_10 6, 14, 2, 10
5_27_22 14, 6, 10, 2, 7
3_26_16 7, 15, 3
2_31_10 9, 1
6_26_16 11, 3, 7, 15, 8, 16
5_9_10 8, 16, 4, 12, 9
5_29_20 14, 6, 10, 2, 11
6_2_02 2, 10, 14, 6, 15, 7
6_25_14 10, 2, 6, 14, 11, 3
6_10_18 12, 4, 8, 16, 9, 1
5_7_12 8, 16, 4, 12, 1
4_26_10 8, 16, 4, 12
8_3_20 11, 3, 7, 15, 12, 4, 8, 16
5_5_18 11, 3, 7, 15, 12
1_3_14 16
3_30_10 5, 13, 1
8_28_14 10, 2, 6, 14, 11, 3, 7, 15
3_22_18 7, 15, 3
2_29_02 5, 13
5_14_14 11, 3, 7, 15, 4
3_29_16 12, 4, 8
2_22_02 15, 7
8_30_16 12, 4, 8, 16, 9, 1, 5, 13
5_19_10 6, 14, 2, 10, 15
5_21_14 9, 1, 5, 13, 10
1_23_06 13
4_9_22 14, 6, 10, 2
5_6_22 13, 5, 9, 1, 10
2_24_06 1, 9
5_27_08 7, 15, 3, 11, 16
2_21_18 11, 3
8_12_06 6, 14, 2, 10, 7, 15, 3, 11
4_5_18 11, 3, 7, 15
2_21_22 13, 5
7_8_00 2, 10, 14, 6, 7, 15, 3
3_22_06 1, 9, 13
6_13_12 10, 2, 6, 14, 7, 15
2_25_04 5, 13
1_31_04 14
8_27_00 3, 11, 15, 7, 4, 12, 16, 8
4_17_02 2, 10, 14, 6
7_11_18 12, 4, 8, 16, 5, 13, 1
4_8_22 13, 5, 9, 1
2_13_20 14, 6
6_27_20 13, 5, 9, 1, 14, 6
4_11_02 4, 12, 16, 8
2_18_16 5, 13
6_15_04 6, 14, 2, 10, 3, 11
6_4_22 12, 4, 8, 16, 9, 1
2_28_20 9, 1
2_3_12 7, 15
8_26_14 10, 2, 6, 14, 11, 3, 7, 15
7_24_06 5, 13, 1, 9, 10, 2, 6
8_2_12 7, 15, 3, 11, 8, 16, 4, 12
3_14_06 3, 11, 15
4_4_22 12, 4, 8, 16
1_19_00 9
2_4_00 13, 5
6_13_02 5, 13, 1, 9, 2, 10
1_15_02 13
6_4_04 3, 11, 15, 7, 16, 8
7_15_04 6, 14, 2, 10, 11, 3, 7
5_11_18 12, 4, 8, 16, 5
2_27_10 8, 16
7_16_00 4, 12, 16, 8, 5, 13, 1
3_20_06 16, 8, 4
6_9_10 8, 16, 4, 12, 9, 1
1_7_14 1
2_2_08 1, 9
8_4_12 7, 15, 3, 11, 8, 16, 4, 12
8_30_22 15, 7, 11, 3, 12, 4, 8, 16
7_19_04 3, 11, 15, 7, 12, 4, 8
5_1_08 5, 13, 1, 9, 6
8_7_18 11, 3, 7, 15, 12, 4, 8, 16
2_8_18 7, 15
8_2_20 11, 3, 7, 15, 12, 4, 8, 16
4_10_18 12, 4, 8, 16
5_25_06 6, 14, 2, 10, 7
1_19_06 12
3_4_08 1, 9, 5
3_17_18 10, 2, 6
2_1_22 12, 4
3_21_16 10, 2, 6
7_7_02 3, 11, 15, 7, 12, 4, 8
5_22_08 6, 14, 2, 10, 3
3_14_00 16, 8, 12
2_8_20 8, 16
2_24_02 15, 7
1_12_22 2
6_5_20 12, 4, 8, 16, 13, 5
4_18_20 11, 3, 7, 15
2_7_12 8, 16
5_14_02 5, 13, 1, 9, 14
6_21_04 4, 12, 16, 8, 5, 13
3_11_04 5, 13, 9
1_13_16 12
8_16_00 4, 12, 16, 8, 1, 9, 13, 5
3_4_16 5, 13, 9
4_30_00 4,12, 16, 8
8_19_08 5, 13, 1, 9, 6, 14, 2, 10
6_3_12 7, 15, 3, 11, 8, 16
7_17_04 3, 11, 15, 7, 4, 12, 16
2_26_18 8, 16
5_5_06 5, 13, 1, 9, 6
8_25_04 5, 13, 1, 9, 6, 14, 2, 10
1_4_20 15
6_22_12 8, 16, 4, 12, 5, 13
3_28_10 4, 12, 8
8_24_02 3, 11, 15, 7, 4, 12, 16, 8
1_11_20 5
7_30_02 5, 13, 1, 9, 14, 6, 10
4_31_14 11, 3, 7, 15
6_16_12 10, 2, 6, 14, 3, 11
7_30_08 8, 16, 4, 12, 1, 9, 13
7_11_08 7, 15, 3, 11, 16, 8, 12
8_31_00 4, 12, 16, 8, 1, 9, 13, 5
8_20_04 3, 11, 15, 7, 4, 12, 16, 8
3_9_22 14, 6, 10
2_2_04 15, 7
4_3_10 6, 14, 2, 10
1_14_08 4
1_23_00 10
3_5_14 9, 1, 5
3_31_14 11, 3, 15
7_25_00 3, 11, 15, 7, 4, 12, 16
2_28_14 6, 14
1_27_10 16
1_30_08 4
3_25_18 12, 4, 8
2_8_16 6, 14
7_26_02 4, 12, 16, 8, 1, 9, 13
7_17_02 2, 10, 14, 6, 3, 11, 15
8_2_06 4, 12, 16, 8, 5, 13, 1, 9
6_30_22 15, 7, 11, 3, 8, 16
2_16_14 7, 15
6_27_04 5, 13, 1, 9, 6, 14
3_16_22 11, 3, 15
5_29_08 8, 16, 4, 12, 5
6_24_12 8, 16, 4, 12, 5, 13
2_30_22 11, 3
6_26_20 13, 5, 9, 1, 10, 2
7_31_02 5, 13, 1, 9, 10, 2, 6
2_10_18 8, 16
2_3_12 7, 15
6_30_22 15, 7, 11, 3, 8, 16
3_28_08 3, 11, 7
3_5_08 6, 14, 2
7_3_04 3, 11, 15, 7, 12, 4, 8
2_24_08 2, 10
1_24_00 6
5_26_22 14, 6, 10, 2, 11
4_9_06 6, 14, 2, 10
3_27_06 6, 14, 10
3_1_16 9, 1, 5
8_17_02 2, 10, 14, 6, 3, 11, 15, 7
5_14_02 5, 13, 1, 9, 14
8_4_04 3, 11, 15, 7, 4, 12, 16, 8
1_9_00 3
2_24_04 16, 8
8_9_08 7, 15, 3, 11, 8, 16, 4, 12
4_2_22 12, 4, 8, 16
5_7_08 6, 14, 2, 10, 15
7_31_02 5, 13, 1, 9, 10, 2, 6
1_27_00 11
2_30_08 4, 12
1_7_06 13
3_23_00 2, 10, 6
2_26_22 10, 2
3_11_10 8, 16, 12
1_17_14 8
3_18_04 15, 7, 11
5_12_08 7, 15, 3, 11, 12
1_9_00 3
4_18_12 7, 15, 3, 11
4_28_14 10, 2, 6, 14
2_27_08 7, 15
2_15_00 4,12
8_10_12 9, 1, 5, 13, 10, 2, 6, 14
7_18_06 4, 12, 16, 8, 1, 9, 13
1_27_08 15
2_17_22 12, 4
8_5_16 10, 2, 6, 14, 11, 3, 7, 15
7_1_02 2, 10, 14, 6, 3, 11, 15
6_26_00 3, 11, 15, 7, 16, 8
6_31_22 15, 7, 11, 3, 12, 4
3_17_04 3, 11, 15
6_5_08 6, 14, 2, 10, 7, 15
4_17_10 6, 14, 2, 10
1_21_22 13
6_4_12 7, 15, 3, 11, 4, 12
3_10_18 8, 16, 4
5_23_00 2, 10, 14, 6, 11
7_28_06 6, 14, 2, 10, 11, 3, 7
5_16_20 14, 6, 10, 2, 15